BLUELeftGearToLeftHopper
178
0.000 0.008 0.381 19.063 6.283 0.020 0.000 1.167
0.000 0.015 0.382 0.016 6.283 0.020 0.000 1.167
0.001 0.034 0.955 28.675 6.283 0.020 0.001 1.167
0.002 0.061 1.341 19.314 6.283 0.020 0.002 1.167
0.004 0.096 1.734 19.639 6.283 0.020 0.004 1.167
0.007 0.139 2.137 20.167 6.283 0.020 0.007 1.167
0.011 0.190 2.556 20.940 6.283 0.020 0.011 1.167
0.016 0.250 2.996 21.997 6.283 0.020 0.016 1.167
0.022 0.319 3.464 23.366 6.283 0.020 0.022 1.167
0.030 0.398 3.965 25.062 6.283 0.020 0.030 1.167
0.040 0.488 4.506 27.085 6.282 0.020 0.040 1.167
0.052 0.590 5.095 29.414 6.281 0.020 0.052 1.167
0.066 0.705 5.735 32.007 6.280 0.020 0.066 1.167
0.082 0.834 6.431 34.792 6.279 0.020 0.082 1.167
0.102 0.977 7.184 37.666 6.277 0.020 0.102 1.166
0.125 1.137 7.994 40.491 6.274 0.020 0.125 1.166
0.151 1.314 8.856 43.087 6.270 0.020 0.151 1.166
0.181 1.505 9.525 33.444 6.266 0.020 0.181 1.166
0.215 1.704 9.957 21.635 6.260 0.020 0.215 1.165
0.253 1.911 10.352 19.722 6.253 0.020 0.253 1.164
0.296 2.125 10.685 16.653 6.244 0.020 0.296 1.162
0.343 2.343 10.932 12.374 6.234 0.020 0.343 1.160
0.394 2.565 11.069 6.859 6.222 0.020 0.394 1.157
0.450 2.786 11.072 0.128 6.209 0.020 0.449 1.154
0.510 3.004 10.917 -7.731 6.194 0.020 0.509 1.149
0.574 3.216 10.586 -16.546 6.178 0.020 0.573 1.142
0.643 3.417 10.066 -26.044 6.160 0.020 0.641 1.135
0.715 3.604 9.348 -35.853 6.142 0.020 0.713 1.125
0.790 3.773 8.438 -45.525 6.123 0.020 0.787 1.114
0.869 3.920 7.346 -54.582 6.103 0.020 0.865 1.101
0.949 4.042 6.095 -62.588 6.084 0.020 0.944 1.085
1.032 4.136 4.710 -69.231 6.065 0.020 1.025 1.068
1.116 4.201 3.222 -74.389 6.048 0.020 1.107 1.049
1.201 4.234 1.659 -78.181 6.032 0.020 1.189 1.029
1.285 4.235 0.039 -80.963 6.018 0.020 1.271 1.007
1.369 4.202 -1.627 -83.293 6.007 0.020 1.352 0.985
1.452 4.135 -3.343 -85.842 6.000 0.020 1.431 0.962
1.533 4.033 -5.129 -89.287 5.996 0.020 1.509 0.939
1.611 3.892 -7.013 -94.168 5.997 0.020 1.583 0.917
1.685 3.712 -9.026 -100.697 6.003 0.020 1.655 0.896
1.755 3.488 -11.196 -108.487 6.016 0.020 1.722 0.877
1.819 3.218 -13.518 -116.113 6.035 0.020 1.784 0.861
1.877 2.899 -15.928 -120.454 6.062 0.020 1.840 0.847
1.928 2.534 -18.244 -115.834 6.098 0.020 1.890 0.837
1.970 2.132 -20.110 -93.280 6.142 0.020 1.932 0.830
2.005 1.713 -20.928 -40.925 6.196 0.020 1.966 0.826
2.031 1.316 -19.878 52.506 6.259 0.020 1.992 0.825
2.051 0.994 -16.094 189.224 0.047 0.020 2.012 0.825
2.067 0.812 -9.076 350.876 0.123 0.020 2.028 0.826
2.084 0.829 0.812 494.392 0.201 0.020 2.045 0.829
2.105 1.072 12.186 568.695 0.277 0.020 2.066 0.834
2.136 1.535 23.155 548.482 0.347 0.020 2.095 0.843
2.179 2.181 32.263 455.409 0.409 0.020 2.135 0.860
2.239 2.964 39.151 344.383 0.459 0.020 2.189 0.885
2.316 3.853 44.455 265.201 0.496 0.020 2.257 0.920
2.413 4.845 49.630 258.770 0.518 0.020 2.342 0.967
2.532 5.990 57.217 379.309 0.523 0.020 2.446 1.027
2.679 7.345 67.763 527.312 0.506 0.020 2.574 1.100
2.851 8.576 61.543 -310.988 0.469 0.020 2.725 1.180
3.042 9.536 48.005 -676.881 0.418 0.020 2.897 1.262
3.245 10.182 32.286 -785.994 0.357 0.020 3.086 1.339
3.455 10.513 16.580 -785.288 0.291 0.020 3.285 1.406
3.667 10.576 3.138 -672.089 0.226 0.020 3.490 1.460
3.876 10.444 -6.625 -488.166 0.164 0.020 3.695 1.501
4.080 10.193 -12.520 -294.727 0.106 0.020 3.897 1.528
4.277 9.888 -15.258 -136.906 0.055 0.020 4.094 1.544
4.469 9.571 -15.867 -30.443 0.010 0.020 4.285 1.550
4.654 9.265 -15.266 30.059 6.254 0.020 4.470 1.548
4.834 8.983 -14.108 57.873 6.220 0.020 4.650 1.540
5.008 8.727 -12.794 65.729 6.190 0.020 4.824 1.526
5.178 8.497 -11.536 62.875 6.164 0.020 4.993 1.508
5.344 8.292 -10.211 66.262 6.142 0.020 5.157 1.487
5.506 8.115 -8.874 66.859 6.123 0.020 5.318 1.462
5.666 7.960 -7.753 56.019 6.107 0.020 5.475 1.435
5.822 7.823 -6.826 46.361 6.092 0.020 5.628 1.407
5.976 7.702 -6.066 38.001 6.080 0.020 5.779 1.377
6.128 7.593 -5.449 30.848 6.070 0.020 5.928 1.345
6.278 7.494 -4.954 24.733 6.062 0.020 6.074 1.313
6.426 7.403 -4.565 19.465 6.055 0.020 6.219 1.280
6.572 7.317 -4.268 14.857 6.049 0.020 6.361 1.247
6.717 7.236 -4.053 10.736 6.045 0.020 6.502 1.213
6.860 7.158 -3.914 6.940 6.043 0.020 6.641 1.179
7.002 7.081 -3.848 3.315 6.041 0.020 6.779 1.145
7.142 7.004 -3.854 -0.293 6.041 0.020 6.915 1.111
7.280 6.925 -3.935 -4.049 6.043 0.020 7.049 1.078
7.417 6.843 -4.098 -8.142 6.045 0.020 7.182 1.046
7.552 6.756 -4.354 -12.800 6.049 0.020 7.313 1.014
7.686 6.662 -4.720 -18.321 6.055 0.020 7.443 0.984
7.817 6.557 -5.222 -25.105 6.063 0.020 7.571 0.954
7.946 6.439 -5.897 -33.715 6.072 0.020 7.697 0.927
8.072 6.303 -6.796 -44.967 6.084 0.020 7.820 0.901
8.195 6.144 -7.997 -60.075 6.099 0.020 7.941 0.878
8.314 5.951 -9.615 -80.894 6.117 0.020 8.058 0.857
8.428 5.715 -11.822 -110.331 6.139 0.020 8.171 0.839
8.536 5.417 -14.883 -153.052 6.166 0.020 8.278 0.825
8.637 5.033 -19.217 -216.687 6.200 0.020 8.378 0.815
8.727 4.523 -25.494 -313.873 6.242 0.020 8.469 0.809
8.804 3.827 -34.801 -465.342 0.014 0.020 8.545 0.808
8.861 2.850 -48.858 -702.860 0.085 0.020 8.602 0.811
8.890 1.447 -70.113 -1062.722 0.180 0.020 8.631 0.814
8.901 0.566 -44.069 1302.165 0.310 0.020 8.620 0.811
8.967 3.283 135.830 8994.965 0.486 0.020 8.560 0.785
9.091 6.221 146.930 555.028 0.713 0.020 8.457 0.714
9.247 7.804 79.117 -3390.681 0.967 0.020 8.353 0.598
9.381 6.705 -54.949 -6703.290 1.202 0.020 8.290 0.480
9.459 3.902 -140.132 -4259.177 1.389 0.020 8.268 0.405
9.482 1.108 -139.716 20.838 1.528 0.020 8.265 0.383
9.502 1.008 -4.959 6737.845 1.631 0.020 8.265 0.403
9.551 2.478 73.464 3921.133 1.707 0.020 8.260 0.452
9.621 3.484 50.301 -1158.131 1.767 0.020 8.248 0.521
9.705 4.179 34.765 -776.834 1.814 0.020 8.230 0.603
9.798 4.666 24.350 -520.739 1.851 0.020 8.205 0.693
9.898 5.010 17.209 -357.049 1.882 0.020 8.176 0.788
10.003 5.253 12.162 -252.364 1.908 0.020 8.143 0.888
10.112 5.423 8.477 -184.219 1.930 0.020 8.105 0.990
10.222 5.537 5.701 -138.817 1.949 0.020 8.066 1.093
10.334 5.608 3.544 -107.830 1.965 0.020 8.023 1.197
10.447 5.644 1.820 -86.185 1.979 0.020 7.979 1.301
10.560 5.652 0.406 -70.737 1.992 0.020 7.934 1.404
10.673 5.637 -0.784 -59.492 2.003 0.020 7.887 1.507
10.785 5.601 -1.807 -51.159 2.012 0.020 7.840 1.609
10.896 5.547 -2.705 -44.883 2.021 0.020 7.792 1.709
11.006 5.476 -3.507 -40.087 2.028 0.020 7.744 1.807
11.113 5.395 -4.087 -28.996 2.035 0.020 7.696 1.904
11.220 5.306 -4.426 -16.958 2.041 0.020 7.648 1.999
11.324 5.212 -4.682 -12.802 2.047 0.020 7.600 2.091
11.426 5.115 -4.896 -10.709 2.052 0.020 7.553 2.182
11.526 5.013 -5.077 -9.036 2.056 0.020 7.507 2.271
11.625 4.908 -5.230 -7.686 2.060 0.020 7.461 2.358
11.721 4.801 -5.362 -6.586 2.064 0.020 7.416 2.442
11.814 4.692 -5.476 -5.684 2.067 0.020 7.371 2.525
11.906 4.580 -5.575 -4.938 2.070 0.020 7.327 2.605
11.995 4.467 -5.661 -4.318 2.073 0.020 7.284 2.684
12.082 4.352 -5.737 -3.797 2.075 0.020 7.242 2.760
12.167 4.236 -5.804 -3.360 2.077 0.020 7.201 2.834
12.250 4.119 -5.864 -2.989 2.079 0.020 7.161 2.906
12.330 4.001 -5.917 -2.673 2.081 0.020 7.122 2.976
12.407 3.881 -5.965 -2.404 2.083 0.020 7.084 3.044
12.482 3.761 -6.009 -2.172 2.084 0.020 7.048 3.109
12.555 3.640 -6.048 -1.972 2.085 0.020 7.012 3.173
12.626 3.518 -6.084 -1.799 2.087 0.020 6.977 3.234
12.693 3.396 -6.117 -1.648 2.088 0.020 6.944 3.293
12.759 3.273 -6.148 -1.516 2.089 0.020 6.911 3.350
12.822 3.150 -6.176 -1.401 2.089 0.020 6.880 3.405
12.882 3.026 -6.202 -1.298 2.090 0.020 6.850 3.457
12.940 2.901 -6.226 -1.207 2.091 0.020 6.821 3.508
12.996 2.776 -6.248 -1.126 2.091 0.020 6.794 3.556
13.049 2.651 -6.269 -1.053 2.092 0.020 6.767 3.602
13.100 2.525 -6.289 -0.986 2.092 0.020 6.742 3.646
13.147 2.399 -6.307 -0.925 2.093 0.020 6.718 3.687
13.193 2.272 -6.325 -0.868 2.093 0.020 6.695 3.726
13.236 2.145 -6.341 -0.815 2.093 0.020 6.674 3.764
13.276 2.018 -6.356 -0.765 2.094 0.020 6.654 3.799
13.314 1.891 -6.371 -0.717 2.094 0.020 6.635 3.831
13.349 1.763 -6.384 -0.671 2.094 0.020 6.617 3.862
13.382 1.635 -6.397 -0.625 2.094 0.020 6.601 3.890
13.412 1.507 -6.408 -0.581 2.094 0.020 6.586 3.916
13.440 1.379 -6.419 -0.537 2.094 0.020 6.572 3.940
13.465 1.250 -6.429 -0.493 2.094 0.020 6.560 3.962
13.487 1.121 -6.438 -0.449 2.094 0.020 6.548 3.981
13.507 0.996 -6.288 7.473 2.094 0.020 6.539 3.999
13.525 0.877 -5.947 17.045 2.094 0.020 6.530 4.014
13.540 0.765 -5.573 18.746 2.094 0.020 6.522 4.027
13.553 0.661 -5.196 18.803 2.094 0.020 6.516 4.039
13.564 0.565 -4.819 18.854 2.094 0.020 6.510 4.048
13.574 0.476 -4.441 18.897 2.094 0.020 6.505 4.057
13.582 0.395 -4.063 18.934 2.094 0.020 6.501 4.063
13.588 0.321 -3.683 18.966 2.094 0.020 6.498 4.069
13.593 0.255 -3.304 18.991 2.094 0.020 6.495 4.073
13.597 0.197 -2.923 19.012 2.094 0.020 6.493 4.077
13.600 0.146 -2.543 19.029 2.094 0.020 6.492 4.079
13.602 0.103 -2.162 19.041 2.094 0.020 6.491 4.081
13.604 0.067 -1.781 19.050 2.094 0.020 6.490 4.082
13.604 0.039 -1.400 19.056 2.094 0.020 6.490 4.083
13.605 0.019 -1.019 19.060 2.094 0.020 6.490 4.083
13.605 0.006 -0.637 19.062 2.094 0.020 6.490 4.083
13.605 0.001 -0.256 19.063 2.094 0.020 6.490 4.083
13.605 0.000 -0.033 11.171 2.094 0.020 6.490 4.083
0.000 0.008 0.381 19.063 6.283 0.020 0.000 -1.167
0.000 0.015 0.381 -0.016 6.283 0.020 0.000 -1.167
0.001 0.034 0.951 28.515 6.283 0.020 0.001 -1.167
0.002 0.061 1.327 18.812 6.283 0.020 0.002 -1.167
0.004 0.095 1.697 18.487 6.283 0.020 0.004 -1.167
0.007 0.136 2.056 17.960 6.283 0.020 0.007 -1.167
0.011 0.184 2.400 17.186 6.283 0.020 0.011 -1.167
0.015 0.238 2.723 16.129 6.283 0.020 0.015 -1.167
0.021 0.299 3.018 14.760 6.283 0.020 0.021 -1.167
0.029 0.364 3.279 13.064 6.283 0.020 0.029 -1.167
0.037 0.434 3.500 11.042 6.282 0.020 0.037 -1.167
0.047 0.508 3.674 8.712 6.281 0.020 0.047 -1.167
0.059 0.584 3.797 6.119 6.280 0.020 0.059 -1.167
0.072 0.661 3.863 3.334 6.279 0.020 0.072 -1.167
0.087 0.738 3.873 0.460 6.277 0.020 0.087 -1.167
0.103 0.815 3.825 -2.365 6.274 0.020 0.103 -1.167
0.121 0.889 3.726 -4.961 6.270 0.020 0.121 -1.167
0.140 0.958 3.438 -14.382 6.266 0.020 0.140 -1.167
0.161 1.018 3.006 -21.637 6.260 0.020 0.161 -1.168
0.182 1.071 2.611 -19.724 6.253 0.020 0.182 -1.168
0.204 1.116 2.278 -16.656 6.244 0.020 0.204 -1.169
0.228 1.157 2.031 -12.378 6.234 0.020 0.228 -1.170
0.251 1.195 1.893 -6.863 6.222 0.020 0.251 -1.172
0.276 1.232 1.891 -0.132 6.209 0.020 0.276 -1.173
0.302 1.273 2.045 7.728 6.194 0.020 0.301 -1.175
0.328 1.321 2.376 16.544 6.178 0.020 0.328 -1.178
0.356 1.379 2.897 26.043 6.160 0.020 0.355 -1.181
0.385 1.451 3.614 35.854 6.142 0.020 0.384 -1.185
0.415 1.542 4.525 45.528 6.123 0.020 0.414 -1.189
0.449 1.654 5.616 54.588 6.103 0.020 0.447 -1.195
0.484 1.791 6.868 62.598 6.084 0.020 0.482 -1.202
0.523 1.956 8.253 69.243 6.065 0.020 0.520 -1.210
0.566 2.151 9.741 74.402 6.048 0.020 0.562 -1.220
0.614 2.377 11.305 78.193 6.032 0.020 0.608 -1.231
0.667 2.636 12.924 80.974 6.018 0.020 0.659 -1.245
0.725 2.928 14.590 83.299 6.007 0.020 0.716 -1.260
0.790 3.254 16.307 85.841 6.000 0.020 0.778 -1.278
0.863 3.616 18.093 89.276 5.996 0.020 0.848 -1.299
0.943 4.015 19.976 94.143 5.997 0.020 0.925 -1.321
1.032 4.455 21.989 100.654 6.003 0.020 1.010 -1.346
1.131 4.938 24.157 108.420 6.016 0.020 1.105 -1.373
1.240 5.467 26.477 116.013 6.035 0.020 1.211 -1.401
1.361 6.045 28.884 120.314 6.062 0.020 1.329 -1.429
1.494 6.669 31.197 115.648 6.098 0.020 1.459 -1.456
1.641 7.330 33.058 93.054 6.142 0.020 1.604 -1.480
1.801 8.008 33.871 40.686 6.196 0.020 1.763 -1.498
1.975 8.664 32.818 -52.694 6.259 0.020 1.936 -1.508
2.159 9.245 29.032 -189.260 0.047 0.020 2.121 -1.506
2.353 9.685 22.019 -350.658 0.123 0.020 2.314 -1.490
2.552 9.928 12.141 -493.888 0.201 0.020 2.510 -1.458
2.751 9.944 0.781 -568.015 0.277 0.020 2.703 -1.411
2.945 9.740 -10.176 -547.837 0.347 0.020 2.888 -1.351
3.132 9.355 -19.275 -454.973 0.409 0.020 3.062 -1.282
3.309 8.831 -26.159 -344.216 0.459 0.020 3.223 -1.207
3.473 8.194 -31.846 -284.332 0.496 0.020 3.368 -1.132
3.622 7.439 -37.789 -297.161 0.518 0.020 3.498 -1.059
3.752 6.516 -46.148 -417.936 0.523 0.020 3.611 -0.994
3.859 5.366 -57.476 -566.397 0.506 0.020 3.704 -0.941
3.946 4.325 -52.040 271.816 0.469 0.020 3.781 -0.901
4.017 3.540 -39.273 638.340 0.418 0.020 3.844 -0.870
4.078 3.054 -24.310 748.132 0.357 0.020 3.901 -0.847
4.135 2.867 -9.353 747.872 0.291 0.020 3.955 -0.829
4.194 2.933 3.342 634.756 0.226 0.020 4.012 -0.814
4.257 3.181 12.355 450.631 0.164 0.020 4.075 -0.802
4.328 3.530 17.493 256.899 0.106 0.020 4.144 -0.792
4.406 3.920 19.470 98.838 0.055 0.020 4.223 -0.786
4.492 4.306 19.315 -7.762 0.010 0.020 4.309 -0.783
4.586 4.665 17.948 -68.319 6.254 0.020 4.402 -0.784
4.685 4.986 16.025 -96.139 6.220 0.020 4.502 -0.789
4.791 5.265 13.946 -103.979 6.190 0.020 4.607 -0.797
4.901 5.503 11.924 -101.102 6.164 0.020 4.716 -0.809
5.015 5.707 10.216 -85.405 6.142 0.020 4.829 -0.824
5.133 5.885 8.877 -66.920 6.123 0.020 4.946 -0.841
5.253 6.040 7.756 -56.064 6.107 0.020 5.065 -0.862
5.377 6.177 6.828 -46.395 6.092 0.020 5.186 -0.884
5.503 6.298 6.068 -38.026 6.080 0.020 5.310 -0.909
5.631 6.407 5.450 -30.867 6.070 0.020 5.435 -0.935
5.761 6.506 4.955 -24.748 6.062 0.020 5.562 -0.963
5.893 6.597 4.566 -19.476 6.055 0.020 5.691 -0.993
6.027 6.683 4.268 -14.866 6.049 0.020 5.821 -1.023
6.162 6.764 4.054 -10.743 6.045 0.020 5.952 -1.055
6.299 6.842 3.915 -6.946 6.043 0.020 6.085 -1.087
6.437 6.919 3.848 -3.320 6.041 0.020 6.220 -1.120
6.577 6.996 3.854 0.288 6.041 0.020 6.355 -1.154
6.719 7.075 3.935 4.044 6.043 0.020 6.493 -1.188
6.862 7.157 4.098 8.136 6.045 0.020 6.632 -1.222
7.007 7.244 4.354 12.793 6.049 0.020 6.773 -1.256
7.154 7.338 4.720 18.312 6.055 0.020 6.916 -1.289
7.302 7.443 5.222 25.094 6.063 0.020 7.061 -1.322
7.454 7.561 5.896 33.700 6.072 0.020 7.208 -1.355
7.608 7.696 6.795 44.945 6.084 0.020 7.359 -1.386
7.765 7.856 7.995 60.042 6.099 0.020 7.513 -1.416
7.926 8.049 9.612 80.843 6.117 0.020 7.672 -1.444
8.091 8.285 11.817 110.252 6.139 0.020 7.836 -1.470
8.263 8.582 14.876 152.923 6.166 0.020 8.006 -1.492
8.442 8.967 19.205 216.469 6.200 0.020 8.184 -1.510
8.632 9.476 25.475 313.488 6.242 0.020 8.373 -1.522
8.835 10.171 34.767 464.633 0.014 0.020 8.577 -1.525
9.058 11.147 48.797 701.498 0.085 0.020 8.799 -1.514
9.309 12.547 69.999 1060.088 0.180 0.020 9.048 -1.482
9.600 14.556 100.417 1520.903 0.310 0.020 9.331 -1.412
9.946 17.264 135.429 1750.569 0.486 0.020 9.649 -1.278
10.349 20.191 146.336 545.371 0.713 0.020 9.983 -1.051
10.785 21.766 78.735 -3380.055 0.967 0.020 10.274 -0.727
11.198 20.672 -54.679 -6670.698 1.202 0.020 10.467 -0.361
11.556 17.881 -139.538 -4242.975 1.389 0.020 10.563 -0.017
11.858 15.090 -139.579 -2.040 1.528 0.020 10.596 0.283
12.117 12.959 -106.540 1651.985 1.631 0.020 10.594 0.542
12.346 11.457 -75.111 1571.427 1.707 0.020 10.571 0.770
12.554 10.401 -52.769 1117.083 1.767 0.020 10.537 0.975
12.747 9.641 -38.026 737.150 1.814 0.020 10.495 1.164
12.928 9.073 -28.390 481.801 1.851 0.020 10.448 1.339
13.101 8.633 -22.021 318.483 1.882 0.020 10.397 1.504
13.266 8.278 -17.741 213.989 1.908 0.020 10.344 1.661
13.426 7.981 -14.822 145.946 1.930 0.020 10.290 1.811
13.581 7.725 -12.810 100.601 1.949 0.020 10.234 1.955
13.730 7.497 -11.417 69.647 1.965 0.020 10.177 2.094
13.876 7.288 -10.457 48.022 1.979 0.020 10.120 2.228
14.018 7.092 -9.805 32.586 1.992 0.020 10.063 2.358
14.156 6.904 -9.378 21.348 2.003 0.020 10.006 2.483
14.291 6.722 -9.117 13.021 2.012 0.020 9.949 2.605
14.421 6.542 -8.983 6.748 2.021 0.020 9.893 2.723
14.549 6.363 -8.943 1.954 2.028 0.020 9.837 2.838
14.672 6.187 -8.810 6.650 2.035 0.020 9.782 2.949
14.793 6.016 -8.537 13.675 2.041 0.020 9.728 3.056
14.910 5.851 -8.281 12.799 2.047 0.020 9.675 3.160
15.024 5.689 -8.067 10.707 2.052 0.020 9.622 3.261
15.134 5.532 -7.886 9.034 2.056 0.020 9.571 3.359
15.242 5.377 -7.732 7.684 2.060 0.020 9.520 3.454
15.346 5.225 -7.601 6.586 2.064 0.020 9.471 3.546
15.448 5.075 -7.487 5.683 2.067 0.020 9.423 3.636
15.546 4.927 -7.388 4.938 2.070 0.020 9.376 3.722
15.642 4.781 -7.302 4.317 2.073 0.020 9.330 3.806
15.735 4.637 -7.226 3.797 2.075 0.020 9.285 3.887
15.824 4.494 -7.159 3.359 2.077 0.020 9.242 3.966
15.911 4.352 -7.099 2.988 2.079 0.020 9.200 4.042
15.996 4.211 -7.046 2.673 2.081 0.020 9.159 4.116
16.077 4.071 -6.998 2.403 2.083 0.020 9.119 4.187
16.156 3.932 -6.954 2.172 2.084 0.020 9.080 4.255
16.232 3.793 -6.915 1.972 2.085 0.020 9.043 4.321
16.305 3.656 -6.879 1.799 2.087 0.020 9.007 4.385
16.375 3.519 -6.846 1.648 2.088 0.020 8.972 4.446
16.443 3.383 -6.815 1.516 2.089 0.020 8.939 4.505
16.508 3.247 -6.787 1.401 2.089 0.020 8.906 4.561
16.570 3.112 -6.761 1.298 2.090 0.020 8.876 4.615
16.629 2.977 -6.737 1.207 2.091 0.020 8.846 4.667
16.686 2.843 -6.715 1.126 2.091 0.020 8.818 4.716
16.741 2.709 -6.694 1.053 2.092 0.020 8.791 4.763
16.792 2.575 -6.674 0.986 2.092 0.020 8.765 4.808
16.841 2.442 -6.656 0.925 2.093 0.020 8.741 4.850
16.887 2.309 -6.638 0.868 2.093 0.020 8.718 4.890
16.931 2.177 -6.622 0.815 2.093 0.020 8.696 4.928
16.971 2.045 -6.607 0.765 2.094 0.020 8.676 4.964
17.010 1.913 -6.592 0.717 2.094 0.020 8.657 4.997
17.045 1.781 -6.579 0.671 2.094 0.020 8.639 5.028
17.078 1.650 -6.566 0.625 2.094 0.020 8.622 5.056
17.109 1.519 -6.555 0.581 2.094 0.020 8.607 5.082
17.136 1.388 -6.544 0.537 2.094 0.020 8.593 5.106
17.162 1.257 -6.534 0.493 2.094 0.020 8.581 5.128
17.184 1.127 -6.525 0.449 2.094 0.020 8.569 5.148
17.204 1.000 -6.359 8.311 2.094 0.020 8.559 5.165
17.222 0.880 -6.003 17.802 2.094 0.020 8.551 5.180
17.237 0.767 -5.615 19.381 2.094 0.020 8.543 5.194
17.250 0.663 -5.229 19.323 2.094 0.020 8.536 5.205
17.262 0.566 -4.843 19.273 2.094 0.020 8.531 5.215
17.271 0.477 -4.459 19.229 2.094 0.020 8.526 5.223
17.279 0.395 -4.075 19.192 2.094 0.020 8.522 5.230
17.286 0.321 -3.692 19.161 2.094 0.020 8.519 5.236
17.291 0.255 -3.309 19.135 2.094 0.020 8.516 5.240
17.295 0.197 -2.927 19.114 2.094 0.020 8.514 5.243
17.298 0.146 -2.545 19.098 2.094 0.020 8.513 5.246
17.300 0.103 -2.163 19.085 2.094 0.020 8.512 5.248
17.301 0.067 -1.781 19.076 2.094 0.020 8.511 5.249
17.302 0.039 -1.400 19.070 2.094 0.020 8.511 5.250
17.302 0.019 -1.019 19.066 2.094 0.020 8.510 5.250
17.302 0.006 -0.637 19.064 2.094 0.020 8.510 5.250
17.302 0.001 -0.256 19.063 2.094 0.020 8.510 5.250
17.302 0.000 -0.033 11.171 2.094 0.020 8.510 5.250
