BLUERightGearToRightHopper
173
0.000 0.008 0.381 19.063 6.283 0.020 0.000 1.167
0.000 0.015 0.384 0.141 6.283 0.020 0.000 1.167
0.001 0.035 0.970 29.315 6.283 0.020 0.001 1.167
0.002 0.063 1.397 21.311 6.283 0.020 0.002 1.167
0.004 0.100 1.880 24.183 6.283 0.020 0.004 1.167
0.007 0.149 2.456 28.763 6.283 0.020 0.007 1.167
0.012 0.213 3.161 35.298 6.282 0.020 0.012 1.167
0.017 0.293 4.039 43.861 6.282 0.020 0.017 1.167
0.025 0.396 5.124 54.288 6.280 0.020 0.025 1.167
0.036 0.525 6.446 66.102 6.278 0.020 0.036 1.167
0.050 0.685 8.015 78.441 6.274 0.020 0.050 1.166
0.067 0.881 9.815 89.973 6.268 0.020 0.067 1.166
0.090 1.117 11.791 98.828 6.260 0.020 0.090 1.166
0.117 1.394 13.842 102.521 6.249 0.020 0.117 1.165
0.152 1.710 15.800 97.932 6.234 0.020 0.152 1.164
0.193 2.059 17.429 81.412 6.216 0.020 0.193 1.161
0.241 2.427 18.412 49.187 6.193 0.020 0.241 1.157
0.297 2.786 17.944 -23.431 6.166 0.020 0.296 1.152
0.359 3.099 15.646 -114.892 6.137 0.020 0.358 1.144
0.426 3.335 11.793 -192.622 6.105 0.020 0.424 1.133
0.495 3.464 6.466 -266.380 6.073 0.020 0.492 1.119
0.564 3.462 -0.072 -326.895 6.044 0.020 0.559 1.104
0.630 3.313 -7.470 -369.907 6.019 0.020 0.623 1.087
0.691 3.004 -15.458 -399.369 6.002 0.020 0.681 1.071
0.741 2.524 -23.995 -426.891 5.996 0.020 0.730 1.057
0.778 1.857 -33.329 -466.693 6.003 0.020 0.765 1.047
0.798 0.980 -43.844 -525.758 6.027 0.020 0.784 1.041
0.800 0.131 -42.493 67.575 6.073 0.020 0.782 1.042
0.830 1.467 66.841 5466.679 6.143 0.020 0.753 1.047
0.888 2.915 72.362 276.088 6.241 0.020 0.695 1.052
0.971 4.152 61.856 -525.311 0.079 0.020 0.612 1.050
1.065 4.680 26.431 -1771.249 0.212 0.020 0.519 1.037
1.147 4.138 -27.143 -2678.703 0.337 0.020 0.439 1.015
1.199 2.599 -76.909 -2488.293 0.438 0.020 0.391 0.995
1.207 0.382 -110.878 -1698.462 0.504 0.020 0.384 0.992
1.255 2.410 101.403 10614.059 0.524 0.020 0.426 1.016
1.328 3.627 60.857 -2027.301 0.525 0.020 0.489 1.052
1.401 3.650 1.148 -2985.468 0.528 0.020 0.552 1.089
1.474 3.670 1.024 -6.198 0.533 0.020 0.615 1.126
1.548 3.690 0.994 -1.515 0.539 0.020 0.679 1.164
1.622 3.712 1.062 3.408 0.548 0.020 0.742 1.202
1.697 3.736 1.230 8.427 0.558 0.020 0.806 1.241
1.772 3.766 1.498 13.375 0.570 0.020 0.870 1.281
1.848 3.803 1.859 18.070 0.584 0.020 0.933 1.323
1.925 3.849 2.306 22.323 0.599 0.020 0.997 1.366
2.003 3.906 2.825 25.954 0.616 0.020 1.061 1.410
2.083 3.974 3.401 28.808 0.633 0.020 1.126 1.457
2.164 4.054 4.016 30.770 0.651 0.020 1.191 1.505
2.247 4.147 4.652 31.783 0.670 0.020 1.256 1.556
2.332 4.253 5.289 31.850 0.690 0.020 1.322 1.610
2.419 4.371 5.910 31.037 0.709 0.020 1.389 1.666
2.510 4.501 6.499 29.465 0.729 0.020 1.457 1.725
2.602 4.642 7.045 27.291 0.748 0.020 1.526 1.788
2.698 4.793 7.539 24.696 0.767 0.020 1.595 1.854
2.797 4.949 7.819 13.989 0.785 0.020 1.666 1.923
2.899 5.107 7.873 2.731 0.803 0.020 1.738 1.996
3.005 5.264 7.855 -0.925 0.820 0.020 1.810 2.072
3.113 5.419 7.766 -4.421 0.836 0.020 1.883 2.152
3.224 5.571 7.614 -7.615 0.851 0.020 1.957 2.235
3.339 5.720 7.406 -10.419 0.865 0.020 2.032 2.322
3.456 5.863 7.150 -12.788 0.878 0.020 2.108 2.412
3.576 6.000 6.856 -14.713 0.890 0.020 2.184 2.505
3.699 6.130 6.531 -16.208 0.901 0.020 2.260 2.600
3.824 6.254 6.185 -17.304 0.910 0.020 2.338 2.699
3.951 6.371 5.824 -18.040 0.919 0.020 2.415 2.800
4.081 6.480 5.455 -18.457 0.926 0.020 2.494 2.903
4.212 6.581 5.083 -18.595 0.932 0.020 2.572 3.008
4.346 6.676 4.714 -18.491 0.937 0.020 2.652 3.116
4.481 6.763 4.350 -18.173 0.941 0.020 2.732 3.225
4.618 6.843 3.997 -17.667 0.943 0.020 2.812 3.336
4.756 6.916 3.657 -16.989 0.945 0.020 2.893 3.448
4.896 6.986 3.525 -6.591 0.945 0.020 2.975 3.561
5.037 7.058 3.614 4.460 0.944 0.020 3.058 3.675
5.180 7.133 3.744 6.457 0.942 0.020 3.141 3.791
5.324 7.212 3.918 8.728 0.938 0.020 3.227 3.907
5.470 7.295 4.145 11.339 0.933 0.020 3.313 4.025
5.618 7.383 4.432 14.376 0.927 0.020 3.401 4.143
5.767 7.479 4.791 17.951 0.918 0.020 3.492 4.262
5.919 7.584 5.236 22.203 0.908 0.020 3.584 4.382
6.073 7.699 5.782 27.308 0.896 0.020 3.680 4.503
6.229 7.828 6.451 33.488 0.882 0.020 3.778 4.625
6.389 7.974 7.272 41.016 0.866 0.020 3.881 4.747
6.552 8.139 8.276 50.226 0.846 0.020 3.987 4.870
6.718 8.330 9.506 61.502 0.823 0.020 4.099 4.994
6.889 8.550 11.011 75.258 0.797 0.020 4.217 5.117
7.065 8.807 12.849 91.854 0.766 0.020 4.342 5.242
7.248 9.108 15.077 111.418 0.729 0.020 4.476 5.365
7.437 9.463 17.746 133.453 0.687 0.020 4.619 5.489
7.634 9.881 20.868 156.090 0.638 0.020 4.775 5.610
7.842 10.368 24.363 174.747 0.580 0.020 4.945 5.729
8.060 10.927 27.965 180.107 0.513 0.020 5.132 5.843
8.291 11.549 31.084 155.948 0.435 0.020 5.337 5.948
8.535 12.202 32.669 79.265 0.345 0.020 5.563 6.041
8.792 12.827 31.235 -71.702 0.245 0.020 5.808 6.116
9.059 13.333 25.321 -295.711 0.137 0.020 6.070 6.167
9.331 13.623 14.504 -540.822 0.023 0.020 6.342 6.188
9.604 13.631 0.381 -706.150 6.193 0.020 6.614 6.179
9.871 13.357 -13.697 -703.922 6.083 0.020 6.878 6.140
10.128 12.869 -24.413 -535.777 5.983 0.020 7.128 6.077
10.373 12.264 -30.234 -291.078 5.892 0.020 7.359 5.993
10.606 11.632 -31.625 -69.553 5.813 0.020 7.570 5.896
10.827 11.025 -30.314 65.553 5.744 0.020 7.763 5.789
11.036 10.471 -27.732 129.122 5.684 0.020 7.939 5.676
11.236 9.978 -24.624 155.373 5.632 0.020 8.101 5.560
11.427 9.547 -21.572 152.616 5.588 0.020 8.250 5.441
11.610 9.170 -18.858 135.713 5.549 0.020 8.389 5.320
11.787 8.838 -16.573 114.238 5.515 0.020 8.518 5.200
11.958 8.544 -14.713 92.988 5.486 0.020 8.639 5.079
12.123 8.279 -13.233 73.983 5.460 0.020 8.753 4.959
12.284 8.038 -12.077 57.815 5.437 0.020 8.861 4.840
12.440 7.814 -11.189 44.414 5.416 0.020 8.963 4.722
12.592 7.603 -10.520 33.457 5.398 0.020 9.061 4.605
12.740 7.403 -10.029 24.552 5.382 0.020 9.153 4.490
12.884 7.209 -9.682 17.327 5.367 0.020 9.242 4.376
13.025 7.020 -9.453 11.462 5.354 0.020 9.327 4.264
13.162 6.834 -9.319 6.685 5.343 0.020 9.408 4.154
13.295 6.649 -9.264 2.784 5.332 0.020 9.486 4.046
13.424 6.463 -9.272 -0.418 5.323 0.020 9.560 3.941
13.549 6.280 -9.146 6.298 5.314 0.020 9.632 3.837
13.671 6.103 -8.863 14.168 5.306 0.020 9.701 3.737
13.790 5.931 -8.604 12.941 5.299 0.020 9.767 3.638
13.905 5.763 -8.381 11.123 5.293 0.020 9.830 3.542
14.017 5.599 -8.189 9.617 5.287 0.020 9.891 3.448
14.126 5.439 -8.022 8.363 5.282 0.020 9.950 3.357
14.232 5.282 -7.876 7.313 5.277 0.020 10.007 3.267
14.334 5.127 -7.747 6.429 5.273 0.020 10.062 3.181
14.434 4.974 -7.633 5.680 5.269 0.020 10.115 3.096
14.530 4.823 -7.532 5.045 5.265 0.020 10.165 3.014
14.624 4.674 -7.442 4.502 5.262 0.020 10.214 2.935
14.714 4.527 -7.362 4.036 5.259 0.020 10.261 2.858
14.802 4.381 -7.289 3.636 5.256 0.020 10.307 2.783
14.887 4.237 -7.223 3.290 5.254 0.020 10.351 2.710
14.968 4.094 -7.163 2.990 5.252 0.020 10.393 2.640
15.048 3.951 -7.109 2.730 5.250 0.020 10.433 2.572
15.124 3.810 -7.059 2.502 5.248 0.020 10.472 2.506
15.197 3.670 -7.013 2.302 5.247 0.020 10.510 2.443
15.268 3.531 -6.970 2.126 5.245 0.020 10.546 2.383
15.336 3.392 -6.931 1.971 5.244 0.020 10.580 2.324
15.401 3.254 -6.894 1.833 5.243 0.020 10.613 2.268
15.463 3.117 -6.860 1.710 5.242 0.020 10.645 2.214
15.523 2.980 -6.828 1.599 5.241 0.020 10.675 2.163
15.580 2.844 -6.798 1.499 5.240 0.020 10.703 2.114
15.634 2.709 -6.770 1.408 5.239 0.020 10.731 2.067
15.685 2.574 -6.743 1.324 5.239 0.020 10.756 2.022
15.734 2.440 -6.718 1.247 5.238 0.020 10.781 1.980
15.780 2.306 -6.695 1.174 5.238 0.020 10.804 1.940
15.824 2.172 -6.673 1.105 5.237 0.020 10.826 1.903
15.864 2.039 -6.652 1.040 5.237 0.020 10.846 1.867
15.902 1.907 -6.632 0.976 5.237 0.020 10.865 1.834
15.938 1.774 -6.614 0.915 5.237 0.020 10.883 1.804
15.971 1.643 -6.597 0.854 5.237 0.020 10.900 1.775
16.001 1.511 -6.581 0.794 5.236 0.020 10.915 1.749
16.029 1.380 -6.567 0.734 5.236 0.020 10.929 1.725
16.054 1.249 -6.553 0.674 5.236 0.020 10.941 1.703
16.076 1.118 -6.541 0.614 5.236 0.020 10.952 1.684
16.096 0.991 -6.357 9.211 5.236 0.020 10.962 1.667
16.113 0.871 -5.983 18.686 5.236 0.020 10.971 1.652
16.128 0.759 -5.593 19.494 5.236 0.020 10.978 1.639
16.141 0.655 -5.205 19.416 5.236 0.020 10.985 1.627
16.153 0.559 -4.818 19.347 5.236 0.020 10.991 1.618
16.162 0.470 -4.432 19.288 5.236 0.020 10.995 1.610
16.170 0.389 -4.047 19.237 5.236 0.020 10.999 1.603
16.176 0.316 -3.663 19.195 5.236 0.020 11.002 1.597
16.181 0.250 -3.280 19.160 5.236 0.020 11.005 1.593
16.185 0.192 -2.897 19.132 5.236 0.020 11.007 1.590
16.188 0.142 -2.515 19.109 5.236 0.020 11.008 1.587
16.190 0.099 -2.133 19.093 5.236 0.020 11.009 1.585
16.191 0.064 -1.752 19.081 5.236 0.020 11.010 1.584
16.192 0.037 -1.370 19.072 5.236 0.020 11.010 1.584
16.192 0.017 -0.989 19.067 5.236 0.020 11.010 1.583
16.192 0.005 -0.608 19.065 5.236 0.020 11.010 1.583
16.192 0.000 -0.226 19.063 5.236 0.020 11.010 1.583
16.192 0.000 -0.018 10.426 5.236 0.020 11.010 1.583
0.000 0.008 0.381 19.063 6.283 0.020 0.000 -1.167
0.000 0.015 0.378 -0.141 6.283 0.020 0.000 -1.167
0.001 0.034 0.936 27.875 6.283 0.020 0.001 -1.167
0.002 0.059 1.272 16.816 6.283 0.020 0.002 -1.167
0.004 0.090 1.551 13.944 6.283 0.020 0.004 -1.167
0.007 0.125 1.738 9.363 6.283 0.020 0.007 -1.167
0.010 0.161 1.795 2.828 6.282 0.020 0.010 -1.167
0.014 0.195 1.680 -5.735 6.282 0.020 0.014 -1.167
0.018 0.222 1.357 -16.162 6.280 0.020 0.018 -1.167
0.023 0.238 0.798 -27.976 6.278 0.020 0.023 -1.167
0.028 0.238 -0.009 -40.315 6.274 0.020 0.028 -1.167
0.032 0.217 -1.046 -51.848 6.268 0.020 0.032 -1.167
0.035 0.171 -2.260 -60.705 6.260 0.020 0.035 -1.167
0.037 0.100 -3.548 -64.400 6.249 0.020 0.037 -1.167
0.037 0.006 -4.744 -59.810 6.234 0.020 0.037 -1.167
0.040 0.107 5.048 489.626 6.216 0.020 0.035 -1.167
0.044 0.223 5.832 39.159 6.193 0.020 0.031 -1.166
0.051 0.323 4.982 -42.479 6.166 0.020 0.024 -1.166
0.058 0.377 2.684 -114.887 6.137 0.020 0.017 -1.165
0.065 0.353 -1.168 -192.633 6.105 0.020 0.010 -1.164
0.070 0.223 -6.497 -266.411 6.073 0.020 0.006 -1.163
0.070 0.037 -9.289 -139.620 6.044 0.020 0.006 -1.163
0.079 0.446 20.434 1486.164 6.019 0.020 0.015 -1.165
0.100 1.015 28.423 399.424 6.002 0.020 0.035 -1.171
0.135 1.754 36.960 426.879 5.996 0.020 0.068 -1.181
0.188 2.680 46.292 466.588 6.003 0.020 0.120 -1.196
0.265 3.816 56.802 525.497 6.027 0.020 0.193 -1.216
0.368 5.186 68.497 584.766 6.073 0.020 0.294 -1.240
0.504 6.781 79.773 563.793 6.143 0.020 0.428 -1.264
0.674 8.487 85.270 274.828 6.241 0.020 0.597 -1.279
0.873 9.982 74.752 -525.910 0.079 0.020 0.796 -1.276
1.089 10.769 39.350 -1770.092 0.212 0.020 1.009 -1.244
1.298 10.485 -14.166 -2675.770 0.337 0.020 1.211 -1.187
1.482 9.208 -63.880 -2485.711 0.438 0.020 1.382 -1.118
1.627 7.251 -97.845 -1698.238 0.504 0.020 1.511 -1.052
1.722 4.720 -126.557 -1435.608 0.524 0.020 1.593 -1.005
1.797 3.762 -47.888 3933.422 0.525 0.020 1.658 -0.967
1.877 3.998 11.815 2985.165 0.528 0.020 1.727 -0.927
1.962 4.237 11.939 6.192 0.533 0.020 1.800 -0.884
2.051 4.476 11.969 1.508 0.539 0.020 1.877 -0.839
2.146 4.714 11.901 -3.415 0.548 0.020 1.958 -0.790
2.245 4.949 11.732 -8.434 0.558 0.020 2.042 -0.738
2.348 5.178 11.464 -13.381 0.570 0.020 2.130 -0.682
2.456 5.400 11.103 -18.074 0.584 0.020 2.220 -0.623
2.568 5.613 10.656 -22.325 0.599 0.020 2.313 -0.561
2.685 5.816 10.137 -25.954 0.616 0.020 2.409 -0.494
2.805 6.007 9.561 -28.806 0.633 0.020 2.506 -0.424
2.929 6.186 8.946 -30.766 0.651 0.020 2.605 -0.350
3.056 6.353 8.310 -31.777 0.670 0.020 2.706 -0.272
3.186 6.506 7.673 -31.843 0.690 0.020 2.807 -0.190
3.319 6.647 7.053 -31.029 0.709 0.020 2.909 -0.105
3.454 6.776 6.464 -29.456 0.729 0.020 3.011 -0.016
3.592 6.895 5.918 -27.282 0.748 0.020 3.113 0.077
3.732 7.003 5.424 -24.688 0.767 0.020 3.214 0.173
3.874 7.098 4.763 -33.044 0.785 0.020 3.316 0.273
4.018 7.177 3.946 -40.850 0.803 0.020 3.416 0.375
4.163 7.241 3.203 -37.196 0.820 0.020 3.516 0.480
4.308 7.292 2.529 -33.702 0.836 0.020 3.615 0.588
4.455 7.330 1.918 -30.509 0.851 0.020 3.712 0.697
4.602 7.358 1.364 -27.706 0.865 0.020 3.808 0.809
4.750 7.375 0.857 -25.338 0.878 0.020 3.903 0.922
4.897 7.383 0.389 -23.415 0.890 0.020 3.997 1.036
5.045 7.382 -0.049 -21.920 0.901 0.020 4.089 1.151
5.192 7.372 -0.466 -20.825 0.910 0.020 4.180 1.267
5.340 7.355 -0.867 -20.089 0.919 0.020 4.270 1.383
5.486 7.330 -1.261 -19.673 0.926 0.020 4.358 1.500
5.632 7.297 -1.652 -19.534 0.932 0.020 4.446 1.617
5.777 7.256 -2.044 -19.639 0.937 0.020 4.532 1.734
5.921 7.207 -2.444 -19.957 0.941 0.020 4.617 1.850
6.064 7.150 -2.853 -20.464 0.943 0.020 4.701 1.966
6.206 7.084 -3.276 -21.141 0.945 0.020 4.784 2.081
6.346 7.014 -3.525 -12.476 0.945 0.020 4.866 2.194
6.485 6.942 -3.614 -4.464 0.944 0.020 4.948 2.307
6.622 6.867 -3.744 -6.462 0.942 0.020 5.028 2.418
6.758 6.788 -3.918 -8.733 0.938 0.020 5.108 2.528
6.892 6.705 -4.145 -11.345 0.933 0.020 5.188 2.636
7.025 6.617 -4.433 -14.384 0.927 0.020 5.267 2.742
7.155 6.521 -4.792 -17.961 0.918 0.020 5.346 2.846
7.283 6.416 -5.236 -22.215 0.908 0.020 5.424 2.947
7.409 6.301 -5.783 -27.324 0.896 0.020 5.502 3.046
7.533 6.171 -6.453 -33.509 0.882 0.020 5.580 3.142
7.653 6.026 -7.274 -41.044 0.866 0.020 5.657 3.235
7.771 5.860 -8.279 -50.263 0.846 0.020 5.734 3.323
7.884 5.670 -9.510 -61.553 0.823 0.020 5.810 3.407
7.993 5.450 -11.017 -75.328 0.797 0.020 5.885 3.486
8.097 5.193 -12.856 -91.952 0.766 0.020 5.959 3.559
8.195 4.891 -15.087 -111.554 0.729 0.020 6.031 3.626
8.285 4.536 -17.760 -133.643 0.687 0.020 6.100 3.685
8.368 4.118 -20.887 -156.350 0.638 0.020 6.165 3.736
8.440 3.630 -24.389 -175.096 0.580 0.020 6.224 3.777
8.502 3.070 -28.000 -180.551 0.513 0.020 6.276 3.809
8.551 2.448 -31.129 -156.458 0.435 0.020 6.320 3.832
8.587 1.793 -32.724 -79.738 0.345 0.020 6.353 3.846
8.610 1.167 -31.294 71.476 0.245 0.020 6.375 3.852
8.623 0.660 -25.374 296.014 0.137 0.020 6.388 3.855
8.630 0.369 -14.537 541.835 0.023 0.020 6.396 3.856
8.638 0.361 -0.382 707.749 6.193 0.020 6.403 3.855
8.650 0.636 13.728 705.524 6.083 0.020 6.415 3.853
8.673 1.125 24.464 536.795 5.983 0.020 6.437 3.848
8.708 1.731 30.292 291.394 5.892 0.020 6.470 3.836
8.755 2.365 31.679 69.347 5.813 0.020 6.513 3.816
8.814 2.965 30.014 -83.270 5.744 0.020 6.565 3.787
8.884 3.499 26.695 -165.942 5.684 0.020 6.623 3.750
8.963 3.955 22.816 -193.931 5.632 0.020 6.688 3.703
9.050 4.335 18.994 -191.088 5.588 0.020 6.755 3.649
9.143 4.645 15.512 -174.101 5.549 0.020 6.825 3.588
9.241 4.895 12.461 -152.556 5.515 0.020 6.897 3.521
9.343 5.091 9.836 -131.253 5.486 0.020 6.969 3.449
9.447 5.243 7.592 -112.210 5.460 0.020 7.041 3.373
9.555 5.357 5.672 -96.014 5.437 0.020 7.113 3.294
9.663 5.437 4.020 -82.594 5.416 0.020 7.184 3.212
9.773 5.489 2.587 -71.622 5.398 0.020 7.255 3.127
9.883 5.515 1.333 -62.707 5.382 0.020 7.324 3.041
9.994 5.520 0.224 -55.476 5.367 0.020 7.392 2.954
10.104 5.504 -0.768 -49.604 5.354 0.020 7.458 2.867
10.213 5.471 -1.665 -44.825 5.343 0.020 7.523 2.779
10.322 5.422 -2.483 -40.919 5.332 0.020 7.587 2.691
10.429 5.357 -3.238 -37.716 5.323 0.020 7.648 2.603
10.534 5.281 -3.781 -27.157 5.314 0.020 7.709 2.516
10.638 5.199 -4.100 -15.962 5.306 0.020 7.767 2.430
10.741 5.112 -4.359 -12.944 5.299 0.020 7.824 2.346
10.841 5.020 -4.581 -11.125 5.293 0.020 7.879 2.262
10.940 4.925 -4.774 -9.619 5.287 0.020 7.933 2.179
11.036 4.826 -4.941 -8.365 5.282 0.020 7.985 2.098
11.131 4.724 -5.087 -7.314 5.277 0.020 8.036 2.018
11.223 4.620 -5.216 -6.430 5.273 0.020 8.086 1.940
11.313 4.513 -5.330 -5.681 5.269 0.020 8.133 1.864
11.401 4.405 -5.430 -5.045 5.265 0.020 8.180 1.789
11.487 4.294 -5.521 -4.502 5.262 0.020 8.225 1.716
11.571 4.182 -5.601 -4.037 5.259 0.020 8.268 1.644
11.652 4.069 -5.674 -3.636 5.256 0.020 8.311 1.575
11.731 3.954 -5.740 -3.290 5.254 0.020 8.351 1.507
11.808 3.838 -5.800 -2.991 5.252 0.020 8.391 1.441
11.883 3.721 -5.854 -2.730 5.250 0.020 8.429 1.377
11.955 3.603 -5.904 -2.502 5.248 0.020 8.466 1.315
12.024 3.484 -5.950 -2.302 5.247 0.020 8.501 1.255
12.092 3.364 -5.993 -2.126 5.245 0.020 8.536 1.198
12.156 3.243 -6.032 -1.971 5.244 0.020 8.569 1.142
12.219 3.122 -6.069 -1.833 5.243 0.020 8.600 1.088
12.279 3.000 -6.103 -1.710 5.242 0.020 8.631 1.036
12.336 2.877 -6.135 -1.599 5.241 0.020 8.660 0.986
12.391 2.754 -6.165 -1.499 5.240 0.020 8.687 0.939
12.444 2.630 -6.193 -1.408 5.239 0.020 8.714 0.893
12.494 2.506 -6.220 -1.324 5.239 0.020 8.739 0.850
12.542 2.381 -6.245 -1.247 5.238 0.020 8.763 0.809
12.587 2.255 -6.268 -1.174 5.238 0.020 8.786 0.770
12.630 2.130 -6.290 -1.105 5.237 0.020 8.807 0.733
12.670 2.003 -6.311 -1.040 5.237 0.020 8.827 0.698
12.707 1.877 -6.331 -0.976 5.237 0.020 8.846 0.666
12.742 1.750 -6.349 -0.915 5.237 0.020 8.863 0.635
12.775 1.623 -6.366 -0.854 5.237 0.020 8.880 0.607
12.804 1.495 -6.382 -0.794 5.236 0.020 8.894 0.581
12.832 1.367 -6.396 -0.734 5.236 0.020 8.908 0.558
12.857 1.239 -6.410 -0.674 5.236 0.020 8.921 0.536
12.879 1.110 -6.422 -0.614 5.236 0.020 8.932 0.517
12.898 0.985 -6.261 8.062 5.236 0.020 8.941 0.500
12.916 0.867 -5.908 17.651 5.236 0.020 8.950 0.485
12.931 0.756 -5.535 18.632 5.236 0.020 8.958 0.472
12.944 0.653 -5.161 18.710 5.236 0.020 8.964 0.461
12.955 0.557 -4.786 18.779 5.236 0.020 8.970 0.451
12.965 0.469 -4.409 18.838 5.236 0.020 8.975 0.443
12.972 0.389 -4.031 18.889 5.236 0.020 8.978 0.436
12.979 0.315 -3.652 18.932 5.236 0.020 8.982 0.431
12.984 0.250 -3.273 18.967 5.236 0.020 8.984 0.426
12.987 0.192 -2.893 18.995 5.236 0.020 8.986 0.423
12.990 0.142 -2.513 19.017 5.236 0.020 8.987 0.421
12.992 0.099 -2.132 19.034 5.236 0.020 8.988 0.419
12.994 0.064 -1.751 19.046 5.236 0.020 8.989 0.418
12.994 0.037 -1.370 19.054 5.236 0.020 8.989 0.417
12.995 0.017 -0.989 19.059 5.236 0.020 8.990 0.417
12.995 0.005 -0.608 19.062 5.236 0.020 8.990 0.417
12.995 0.000 -0.226 19.063 5.236 0.020 8.990 0.417
12.995 0.000 -0.018 10.426 5.236 0.020 8.990 0.417
