BLUELeftWallToLoadingStation
302
0.000 0.008 0.389 19.468 6.283 0.020 0.000 1.167
0.000 0.016 0.389 0.000 6.283 0.020 0.000 1.167
0.001 0.035 0.973 29.202 6.283 0.020 0.001 1.167
0.002 0.062 1.363 19.469 6.283 0.020 0.002 1.167
0.004 0.097 1.752 19.470 6.283 0.020 0.004 1.167
0.007 0.140 2.142 19.472 6.283 0.020 0.007 1.167
0.011 0.191 2.531 19.475 6.283 0.020 0.011 1.167
0.016 0.249 2.921 19.478 6.283 0.020 0.016 1.167
0.022 0.315 3.310 19.484 6.283 0.020 0.022 1.167
0.030 0.389 3.700 19.490 6.283 0.020 0.030 1.167
0.039 0.471 4.090 19.499 6.283 0.020 0.039 1.167
0.051 0.561 4.480 19.509 6.283 0.020 0.051 1.167
0.064 0.658 4.871 19.520 6.283 0.020 0.064 1.167
0.079 0.763 5.261 19.535 6.283 0.020 0.079 1.167
0.097 0.877 5.652 19.551 6.283 0.020 0.097 1.167
0.117 0.997 6.044 19.570 6.283 0.020 0.117 1.167
0.139 1.126 6.436 19.591 6.283 0.020 0.139 1.167
0.164 1.263 6.828 19.615 6.283 0.020 0.164 1.167
0.192 1.407 7.221 19.641 6.283 0.020 0.192 1.167
0.224 1.559 7.614 19.671 6.283 0.020 0.224 1.167
0.258 1.720 8.008 19.703 6.283 0.020 0.258 1.167
0.296 1.888 8.403 19.738 6.283 0.020 0.296 1.167
0.337 2.064 8.798 19.776 6.283 0.020 0.337 1.167
0.382 2.244 9.000 10.061 6.283 0.020 0.382 1.167
0.430 2.424 9.006 0.336 6.283 0.020 0.430 1.167
0.482 2.604 9.014 0.358 6.283 0.020 0.482 1.167
0.538 2.784 9.021 0.380 6.282 0.020 0.538 1.167
0.597 2.965 9.029 0.400 6.282 0.020 0.597 1.166
0.660 3.146 9.038 0.419 6.282 0.020 0.660 1.166
0.727 3.327 9.046 0.438 6.282 0.020 0.727 1.166
0.797 3.508 9.055 0.454 6.282 0.020 0.797 1.166
0.871 3.689 9.065 0.470 6.281 0.020 0.871 1.166
0.948 3.871 9.074 0.484 6.281 0.020 0.948 1.166
1.029 4.052 9.084 0.497 6.281 0.020 1.029 1.166
1.114 4.234 9.095 0.508 6.280 0.020 1.114 1.166
1.202 4.416 9.105 0.518 6.280 0.020 1.202 1.165
1.294 4.599 9.115 0.526 6.279 0.020 1.294 1.165
1.390 4.781 9.126 0.532 6.279 0.020 1.390 1.164
1.489 4.964 9.137 0.537 6.278 0.020 1.489 1.164
1.592 5.147 9.148 0.540 6.277 0.020 1.592 1.163
1.699 5.330 9.158 0.541 6.276 0.020 1.699 1.163
1.809 5.513 9.169 0.540 6.275 0.020 1.809 1.162
1.923 5.697 9.180 0.537 6.275 0.020 1.923 1.161
2.041 5.881 9.191 0.533 6.274 0.020 2.041 1.160
2.162 6.065 9.201 0.526 6.272 0.020 2.162 1.159
2.287 6.249 9.212 0.517 6.271 0.020 2.287 1.157
2.415 6.433 9.222 0.506 6.270 0.020 2.415 1.156
2.548 6.618 9.231 0.493 6.269 0.020 2.548 1.154
2.684 6.803 9.241 0.477 6.267 0.020 2.684 1.152
2.824 6.988 9.250 0.460 6.265 0.020 2.824 1.149
2.967 7.173 9.259 0.440 6.264 0.020 2.967 1.147
3.114 7.358 9.267 0.418 6.262 0.020 3.114 1.144
3.265 7.544 9.275 0.394 6.260 0.020 3.265 1.140
3.420 7.730 9.283 0.367 6.258 0.020 3.420 1.137
3.578 7.915 9.289 0.338 6.256 0.020 3.578 1.132
3.740 8.101 9.296 0.307 6.254 0.020 3.740 1.128
3.906 8.287 9.301 0.273 6.251 0.020 3.905 1.123
4.075 8.473 9.306 0.237 6.249 0.020 4.075 1.117
4.248 8.660 9.310 0.198 6.246 0.020 4.248 1.111
4.425 8.846 9.313 0.158 6.244 0.020 4.425 1.104
4.606 9.032 9.315 0.115 6.241 0.020 4.605 1.097
4.790 9.218 9.317 0.069 6.238 0.020 4.789 1.089
4.978 9.405 9.317 0.022 6.235 0.020 4.977 1.080
5.170 9.591 9.316 -0.028 6.231 0.020 5.169 1.070
5.366 9.777 9.315 -0.079 6.228 0.020 5.364 1.060
5.565 9.964 9.312 -0.133 6.225 0.020 5.563 1.048
5.768 10.150 9.308 -0.189 6.221 0.020 5.766 1.036
5.975 10.332 9.105 -10.190 6.217 0.020 5.972 1.023
6.185 10.506 8.700 -20.206 6.213 0.020 6.181 1.009
6.398 10.672 8.295 -20.285 6.209 0.020 6.394 0.993
6.615 10.830 7.888 -20.360 6.205 0.020 6.610 0.977
6.834 10.979 7.479 -20.431 6.201 0.020 6.829 0.960
7.057 11.121 7.069 -20.497 6.197 0.020 7.051 0.941
7.282 11.254 6.658 -20.557 6.193 0.020 7.275 0.921
7.510 11.379 6.246 -20.612 6.188 0.020 7.502 0.900
7.739 11.495 5.832 -20.661 6.184 0.020 7.730 0.878
7.972 11.604 5.418 -20.703 6.180 0.020 7.961 0.854
8.206 11.704 5.004 -20.739 6.175 0.020 8.194 0.830
8.442 11.795 4.588 -20.767 6.170 0.020 8.429 0.804
8.679 11.879 4.172 -20.789 6.166 0.020 8.665 0.776
8.918 11.954 3.756 -20.804 6.161 0.020 8.902 0.748
9.159 12.021 3.340 -20.811 6.157 0.020 9.141 0.718
9.400 12.079 2.924 -20.812 6.152 0.020 9.380 0.687
9.643 12.129 2.508 -20.805 6.147 0.020 9.621 0.655
9.886 12.171 2.092 -20.792 6.143 0.020 9.862 0.621
10.130 12.205 1.676 -20.773 6.138 0.020 10.103 0.586
10.375 12.230 1.262 -20.747 6.134 0.020 10.345 0.550
10.620 12.247 0.847 -20.715 6.129 0.020 10.587 0.513
10.865 12.256 0.434 -20.678 6.125 0.020 10.829 0.475
11.110 12.256 0.021 -20.635 6.120 0.020 11.071 0.436
11.355 12.252 -0.192 -10.651 6.116 0.020 11.313 0.396
11.600 12.248 -0.206 -0.680 6.112 0.020 11.555 0.355
11.845 12.244 -0.219 -0.655 6.108 0.020 11.796 0.312
12.090 12.239 -0.231 -0.631 6.103 0.020 12.037 0.269
12.334 12.234 -0.243 -0.606 6.099 0.020 12.277 0.225
12.579 12.229 -0.255 -0.583 6.095 0.020 12.518 0.180
12.823 12.224 -0.266 -0.559 6.092 0.020 12.758 0.133
13.068 12.218 -0.277 -0.537 6.088 0.020 12.998 0.086
13.312 12.213 -0.287 -0.515 6.084 0.020 13.237 0.039
13.556 12.207 -0.297 -0.493 6.081 0.020 13.476 -0.010
13.800 12.200 -0.307 -0.473 6.077 0.020 13.715 -0.059
14.044 12.194 -0.316 -0.453 6.074 0.020 13.954 -0.110
14.288 12.188 -0.324 -0.434 6.071 0.020 14.192 -0.161
14.531 12.181 -0.333 -0.415 6.068 0.020 14.430 -0.213
14.775 12.174 -0.341 -0.398 6.065 0.020 14.668 -0.265
15.018 12.167 -0.348 -0.381 6.062 0.020 14.906 -0.318
15.261 12.160 -0.356 -0.365 6.059 0.020 15.143 -0.372
15.505 12.153 -0.363 -0.350 6.056 0.020 15.380 -0.426
15.747 12.145 -0.369 -0.335 6.054 0.020 15.616 -0.481
15.990 12.138 -0.376 -0.322 6.052 0.020 15.853 -0.536
16.233 12.130 -0.382 -0.309 6.049 0.020 16.089 -0.592
16.475 12.123 -0.388 -0.297 6.047 0.020 16.325 -0.649
16.718 12.115 -0.394 -0.286 6.045 0.020 16.560 -0.706
16.960 12.107 -0.399 -0.275 6.043 0.020 16.795 -0.763
17.202 12.099 -0.404 -0.265 6.042 0.020 17.030 -0.821
17.443 12.090 -0.410 -0.256 6.040 0.020 17.265 -0.879
17.685 12.082 -0.414 -0.248 6.039 0.020 17.500 -0.937
17.927 12.074 -0.419 -0.240 6.038 0.020 17.734 -0.996
18.168 12.065 -0.424 -0.233 6.036 0.020 17.968 -1.054
18.409 12.057 -0.428 -0.227 6.035 0.020 18.202 -1.113
18.650 12.048 -0.433 -0.221 6.035 0.020 18.435 -1.173
18.891 12.039 -0.437 -0.216 6.034 0.020 18.669 -1.232
19.131 12.030 -0.441 -0.211 6.033 0.020 18.902 -1.291
19.372 12.022 -0.446 -0.207 6.033 0.020 19.135 -1.351
19.612 12.013 -0.450 -0.203 6.033 0.020 19.367 -1.410
19.852 12.003 -0.454 -0.199 6.033 0.020 19.600 -1.470
20.092 11.994 -0.458 -0.196 6.033 0.020 19.832 -1.529
20.332 11.985 -0.461 -0.193 6.033 0.020 20.065 -1.589
20.571 11.976 -0.465 -0.191 6.034 0.020 20.297 -1.648
20.811 11.966 -0.469 -0.188 6.034 0.020 20.529 -1.707
21.050 11.957 -0.473 -0.186 6.035 0.020 20.760 -1.766
21.289 11.947 -0.476 -0.184 6.036 0.020 20.992 -1.824
21.527 11.938 -0.480 -0.182 6.037 0.020 21.224 -1.883
21.766 11.928 -0.484 -0.180 6.038 0.020 21.455 -1.941
22.004 11.918 -0.487 -0.178 6.039 0.020 21.686 -1.999
22.243 11.909 -0.491 -0.176 6.041 0.020 21.918 -2.056
22.481 11.899 -0.494 -0.174 6.043 0.020 22.149 -2.113
22.718 11.889 -0.498 -0.172 6.045 0.020 22.380 -2.169
22.956 11.879 -0.501 -0.169 6.047 0.020 22.610 -2.225
23.193 11.869 -0.504 -0.166 6.049 0.020 22.841 -2.280
23.430 11.859 -0.508 -0.163 6.051 0.020 23.072 -2.335
23.667 11.848 -0.511 -0.159 6.054 0.020 23.303 -2.389
23.904 11.838 -0.514 -0.155 6.057 0.020 23.533 -2.443
24.141 11.828 -0.517 -0.150 6.060 0.020 23.764 -2.495
24.377 11.817 -0.520 -0.145 6.063 0.020 23.995 -2.547
24.613 11.807 -0.523 -0.138 6.066 0.020 24.225 -2.599
24.849 11.796 -0.525 -0.131 6.070 0.020 24.456 -2.649
25.085 11.786 -0.528 -0.123 6.073 0.020 24.686 -2.699
25.320 11.775 -0.530 -0.115 6.077 0.020 24.916 -2.747
25.556 11.765 -0.532 -0.105 6.081 0.020 25.147 -2.795
25.791 11.754 -0.534 -0.094 6.085 0.020 25.377 -2.842
26.026 11.743 -0.536 -0.082 6.090 0.020 25.608 -2.887
26.260 11.732 -0.537 -0.068 6.094 0.020 25.838 -2.932
26.495 11.722 -0.538 -0.054 6.099 0.020 26.068 -2.975
26.729 11.711 -0.539 -0.038 6.104 0.020 26.299 -3.018
26.963 11.700 -0.539 -0.020 6.109 0.020 26.529 -3.059
27.197 11.689 -0.539 -0.001 6.115 0.020 26.759 -3.098
27.430 11.679 -0.539 0.020 6.120 0.020 26.990 -3.137
27.664 11.668 -0.538 0.042 6.126 0.020 27.220 -3.174
27.897 11.657 -0.537 0.066 6.132 0.020 27.451 -3.210
28.130 11.646 -0.535 0.091 6.138 0.020 27.681 -3.245
28.362 11.636 -0.532 0.119 6.144 0.020 27.911 -3.278
28.595 11.625 -0.529 0.148 6.150 0.020 28.142 -3.309
28.827 11.615 -0.526 0.179 6.157 0.020 28.372 -3.339
29.059 11.604 -0.522 0.211 6.164 0.020 28.602 -3.367
29.291 11.594 -0.517 0.246 6.171 0.020 28.833 -3.394
29.523 11.584 -0.511 0.281 6.178 0.020 29.063 -3.419
29.754 11.573 -0.505 0.319 6.185 0.020 29.293 -3.443
29.985 11.564 -0.498 0.358 6.193 0.020 29.524 -3.465
30.217 11.554 -0.490 0.399 6.200 0.020 29.754 -3.485
30.447 11.544 -0.481 0.441 6.208 0.020 29.984 -3.503
30.678 11.535 -0.471 0.485 6.216 0.020 30.214 -3.519
30.909 11.525 -0.461 0.529 6.224 0.020 30.444 -3.534
31.139 11.517 -0.449 0.575 6.233 0.020 30.674 -3.546
31.369 11.508 -0.437 0.621 6.241 0.020 30.904 -3.557
31.599 11.499 -0.423 0.667 6.250 0.020 31.134 -3.566
31.829 11.491 -0.409 0.714 6.258 0.020 31.363 -3.572
32.059 11.483 -0.394 0.761 6.267 0.020 31.593 -3.577
32.288 11.476 -0.378 0.808 6.276 0.020 31.823 -3.580
32.518 11.469 -0.360 0.855 0.002 0.020 32.052 -3.580
32.747 11.462 -0.342 0.900 0.011 0.020 32.281 -3.579
32.976 11.455 -0.324 0.945 0.021 0.020 32.510 -3.575
33.205 11.449 -0.304 0.988 0.030 0.020 32.739 -3.569
33.434 11.443 -0.283 1.029 0.040 0.020 32.968 -3.561
33.662 11.438 -0.262 1.068 0.049 0.020 33.196 -3.551
33.891 11.433 -0.240 1.106 0.059 0.020 33.425 -3.539
34.120 11.429 -0.217 1.140 0.069 0.020 33.653 -3.524
34.348 11.425 -0.194 1.172 0.079 0.020 33.881 -3.507
34.577 11.422 -0.170 1.201 0.089 0.020 34.108 -3.488
34.805 11.419 -0.145 1.226 0.099 0.020 34.336 -3.467
35.033 11.417 -0.120 1.248 0.109 0.020 34.563 -3.443
35.262 11.415 -0.095 1.266 0.119 0.020 34.790 -3.417
35.490 11.413 -0.069 1.280 0.129 0.020 35.016 -3.389
35.718 11.412 -0.043 1.290 0.139 0.020 35.242 -3.359
35.946 11.412 -0.017 1.296 0.149 0.020 35.468 -3.326
36.175 11.412 0.009 1.299 0.159 0.020 35.694 -3.291
36.403 11.413 0.034 1.297 0.169 0.020 35.919 -3.254
36.631 11.414 0.060 1.291 0.179 0.020 36.144 -3.214
36.859 11.416 0.086 1.281 0.189 0.020 36.368 -3.173
37.088 11.418 0.111 1.267 0.199 0.020 36.592 -3.129
37.316 11.421 0.136 1.250 0.209 0.020 36.816 -3.082
37.545 11.424 0.161 1.229 0.219 0.020 37.039 -3.034
37.773 11.428 0.185 1.205 0.229 0.020 37.262 -2.983
38.002 11.432 0.208 1.177 0.238 0.020 37.485 -2.930
38.231 11.436 0.231 1.147 0.248 0.020 37.707 -2.875
38.460 11.442 0.254 1.115 0.258 0.020 37.928 -2.818
38.688 11.447 0.275 1.080 0.267 0.020 38.149 -2.759
38.918 11.453 0.296 1.044 0.276 0.020 38.370 -2.697
39.147 11.459 0.316 1.006 0.286 0.020 38.590 -2.634
39.376 11.466 0.336 0.966 0.295 0.020 38.810 -2.568
39.605 11.473 0.354 0.926 0.304 0.020 39.029 -2.500
39.835 11.477 0.196 -7.886 0.313 0.020 39.248 -2.431
40.064 11.474 -0.149 -17.273 0.322 0.020 39.466 -2.359
40.294 11.464 -0.507 -17.914 0.330 0.020 39.683 -2.286
40.523 11.447 -0.868 -18.014 0.339 0.020 39.899 -2.211
40.751 11.422 -1.230 -18.118 0.347 0.020 40.115 -2.134
40.979 11.390 -1.594 -18.224 0.355 0.020 40.329 -2.056
41.206 11.351 -1.961 -18.332 0.363 0.020 40.541 -1.976
41.432 11.304 -2.330 -18.440 0.371 0.020 40.752 -1.895
41.657 11.250 -2.701 -18.549 0.378 0.020 40.962 -1.812
41.881 11.189 -3.074 -18.657 0.385 0.020 41.169 -1.729
42.103 11.120 -3.449 -18.764 0.392 0.020 41.375 -1.645
42.324 11.043 -3.827 -18.869 0.399 0.020 41.579 -1.560
42.543 10.959 -4.206 -18.972 0.406 0.020 41.780 -1.474
42.761 10.867 -4.588 -19.073 0.412 0.020 41.980 -1.387
42.976 10.768 -4.971 -19.170 0.419 0.020 42.177 -1.300
43.189 10.661 -5.356 -19.264 0.425 0.020 42.371 -1.213
43.400 10.546 -5.743 -19.355 0.430 0.020 42.563 -1.126
43.609 10.423 -6.132 -19.443 0.436 0.020 42.753 -1.038
43.814 10.293 -6.523 -19.526 0.441 0.020 42.939 -0.951
44.018 10.155 -6.915 -19.606 0.446 0.020 43.122 -0.863
44.218 10.008 -7.309 -19.682 0.451 0.020 43.303 -0.777
44.415 9.854 -7.704 -19.755 0.456 0.020 43.480 -0.690
44.609 9.692 -8.100 -19.823 0.460 0.020 43.654 -0.604
44.799 9.526 -8.319 -10.950 0.465 0.020 43.824 -0.519
44.986 9.359 -8.349 -1.482 0.469 0.020 43.991 -0.435
45.170 9.192 -8.367 -0.924 0.472 0.020 44.155 -0.352
45.351 9.024 -8.386 -0.919 0.476 0.020 44.316 -0.270
45.528 8.856 -8.404 -0.913 0.479 0.020 44.473 -0.188
45.701 8.687 -8.422 -0.906 0.483 0.020 44.627 -0.108
45.872 8.519 -8.440 -0.898 0.486 0.020 44.778 -0.028
46.039 8.349 -8.458 -0.889 0.489 0.020 44.925 0.050
46.202 8.180 -8.475 -0.879 0.491 0.020 45.070 0.127
46.363 8.010 -8.493 -0.868 0.494 0.020 45.211 0.202
46.519 7.840 -8.510 -0.857 0.496 0.020 45.349 0.277
46.673 7.669 -8.527 -0.846 0.499 0.020 45.484 0.350
46.823 7.498 -8.543 -0.834 0.501 0.020 45.615 0.422
46.969 7.327 -8.560 -0.822 0.503 0.020 45.744 0.492
47.112 7.156 -8.576 -0.810 0.504 0.020 45.869 0.561
47.252 6.984 -8.592 -0.797 0.506 0.020 45.991 0.629
47.388 6.812 -8.608 -0.784 0.508 0.020 46.111 0.695
47.521 6.639 -8.623 -0.771 0.509 0.020 46.227 0.760
47.650 6.467 -8.638 -0.758 0.511 0.020 46.339 0.823
47.776 6.293 -8.653 -0.745 0.512 0.020 46.449 0.885
47.899 6.120 -8.668 -0.731 0.513 0.020 46.556 0.945
48.018 5.946 -8.682 -0.717 0.514 0.020 46.659 1.003
48.133 5.773 -8.696 -0.703 0.515 0.020 46.760 1.060
48.245 5.598 -8.710 -0.689 0.516 0.020 46.857 1.115
48.354 5.424 -8.723 -0.674 0.517 0.020 46.952 1.169
48.459 5.249 -8.737 -0.659 0.518 0.020 47.043 1.221
48.560 5.074 -8.749 -0.644 0.519 0.020 47.131 1.271
48.658 4.899 -8.762 -0.628 0.519 0.020 47.216 1.320
48.752 4.723 -8.774 -0.612 0.520 0.020 47.298 1.366
48.843 4.548 -8.786 -0.596 0.520 0.020 47.377 1.412
48.931 4.372 -8.798 -0.579 0.521 0.020 47.453 1.455
49.015 4.196 -8.809 -0.562 0.521 0.020 47.526 1.497
49.095 4.019 -8.820 -0.544 0.522 0.020 47.595 1.537
49.172 3.843 -8.830 -0.526 0.522 0.020 47.662 1.575
49.245 3.666 -8.841 -0.508 0.522 0.020 47.726 1.612
49.315 3.489 -8.850 -0.489 0.522 0.020 47.786 1.647
49.381 3.312 -8.860 -0.469 0.523 0.020 47.843 1.680
49.444 3.134 -8.869 -0.449 0.523 0.020 47.898 1.711
49.503 2.957 -8.877 -0.428 0.523 0.020 47.949 1.740
49.559 2.779 -8.885 -0.407 0.523 0.020 47.997 1.768
49.611 2.601 -8.893 -0.386 0.523 0.020 48.042 1.794
49.659 2.423 -8.900 -0.364 0.523 0.020 48.084 1.818
49.704 2.245 -8.907 -0.341 0.523 0.020 48.123 1.841
49.745 2.067 -8.914 -0.318 0.523 0.020 48.159 1.862
49.783 1.892 -8.737 8.857 0.523 0.020 48.192 1.880
49.818 1.725 -8.364 18.609 0.523 0.020 48.221 1.898
49.849 1.565 -7.980 19.215 0.524 0.020 48.249 1.913
49.877 1.413 -7.595 19.248 0.524 0.020 48.273 1.927
49.903 1.269 -7.209 19.279 0.524 0.020 48.295 1.940
49.925 1.132 -6.823 19.306 0.524 0.020 48.315 1.951
49.945 1.004 -6.437 19.331 0.524 0.020 48.332 1.962
49.963 0.883 -6.050 19.353 0.524 0.020 48.347 1.970
49.978 0.769 -5.662 19.373 0.524 0.020 48.361 1.978
49.992 0.664 -5.274 19.391 0.524 0.020 48.372 1.985
50.003 0.566 -4.886 19.406 0.524 0.020 48.382 1.990
50.013 0.476 -4.498 19.419 0.524 0.020 48.390 1.995
50.020 0.394 -4.109 19.430 0.524 0.020 48.397 1.999
50.027 0.320 -3.721 19.439 0.524 0.020 48.403 2.002
50.032 0.253 -3.332 19.447 0.524 0.020 48.407 2.005
50.036 0.194 -2.943 19.453 0.524 0.020 48.410 2.007
50.039 0.143 -2.553 19.458 0.524 0.020 48.413 2.008
50.041 0.100 -2.164 19.462 0.524 0.020 48.415 2.009
50.042 0.064 -1.775 19.464 0.524 0.020 48.416 2.010
50.043 0.037 -1.386 19.466 0.524 0.020 48.416 2.010
50.043 0.017 -0.996 19.467 0.524 0.020 48.417 2.010
50.043 0.005 -0.607 19.468 0.524 0.020 48.417 2.010
50.043 0.000 -0.217 19.468 0.524 0.020 48.417 2.010
50.043 0.000 -0.011 10.304 0.524 0.020 48.417 2.010
0.000 0.008 0.389 19.468 6.283 0.020 0.000 -1.167
0.000 0.016 0.389 -0.000 6.283 0.020 0.000 -1.167
0.001 0.035 0.973 29.202 6.283 0.020 0.001 -1.167
0.002 0.062 1.363 19.467 6.283 0.020 0.002 -1.167
0.004 0.097 1.752 19.466 6.283 0.020 0.004 -1.167
0.007 0.140 2.141 19.464 6.283 0.020 0.007 -1.167
0.011 0.191 2.531 19.461 6.283 0.020 0.011 -1.167
0.016 0.249 2.920 19.457 6.283 0.020 0.016 -1.167
0.022 0.315 3.309 19.452 6.283 0.020 0.022 -1.167
0.030 0.389 3.698 19.445 6.283 0.020 0.030 -1.167
0.039 0.471 4.086 19.437 6.283 0.020 0.039 -1.167
0.051 0.561 4.475 19.427 6.283 0.020 0.051 -1.167
0.064 0.658 4.863 19.415 6.283 0.020 0.064 -1.167
0.079 0.763 5.251 19.401 6.283 0.020 0.079 -1.167
0.097 0.876 5.639 19.385 6.283 0.020 0.097 -1.167
0.116 0.996 6.026 19.366 6.283 0.020 0.116 -1.167
0.139 1.124 6.413 19.345 6.283 0.020 0.139 -1.167
0.164 1.260 6.800 19.321 6.283 0.020 0.164 -1.167
0.192 1.404 7.185 19.295 6.283 0.020 0.192 -1.167
0.223 1.555 7.571 19.265 6.283 0.020 0.223 -1.167
0.258 1.715 7.955 19.233 6.283 0.020 0.258 -1.167
0.295 1.881 8.339 19.198 6.283 0.020 0.295 -1.167
0.336 2.056 8.723 19.160 6.283 0.020 0.336 -1.167
0.381 2.234 8.911 9.407 6.283 0.020 0.381 -1.167
0.429 2.412 8.904 -0.336 6.283 0.020 0.429 -1.167
0.481 2.590 8.897 -0.358 6.283 0.020 0.481 -1.167
0.536 2.768 8.889 -0.380 6.282 0.020 0.536 -1.167
0.595 2.945 8.881 -0.400 6.282 0.020 0.595 -1.167
0.658 3.123 8.873 -0.419 6.282 0.020 0.658 -1.167
0.724 3.300 8.864 -0.438 6.282 0.020 0.724 -1.167
0.793 3.477 8.855 -0.454 6.282 0.020 0.793 -1.167
0.866 3.654 8.846 -0.470 6.281 0.020 0.866 -1.167
0.943 3.831 8.836 -0.484 6.281 0.020 0.943 -1.167
1.023 4.007 8.826 -0.497 6.281 0.020 1.023 -1.168
1.107 4.184 8.816 -0.508 6.280 0.020 1.107 -1.168
1.194 4.360 8.806 -0.518 6.280 0.020 1.194 -1.168
1.285 4.536 8.795 -0.526 6.279 0.020 1.285 -1.168
1.379 4.712 8.784 -0.532 6.279 0.020 1.379 -1.169
1.477 4.887 8.774 -0.537 6.278 0.020 1.477 -1.169
1.578 5.062 8.763 -0.540 6.277 0.020 1.578 -1.170
1.683 5.237 8.752 -0.541 6.276 0.020 1.683 -1.171
1.791 5.412 8.741 -0.540 6.275 0.020 1.791 -1.171
1.903 5.587 8.730 -0.537 6.275 0.020 1.903 -1.172
2.018 5.761 8.720 -0.533 6.274 0.020 2.018 -1.173
2.137 5.935 8.709 -0.526 6.272 0.020 2.137 -1.175
2.259 6.109 8.699 -0.517 6.271 0.020 2.259 -1.176
2.385 6.283 8.689 -0.506 6.270 0.020 2.384 -1.178
2.514 6.457 8.679 -0.493 6.269 0.020 2.514 -1.179
2.646 6.630 8.669 -0.478 6.267 0.020 2.646 -1.181
2.782 6.803 8.660 -0.460 6.265 0.020 2.782 -1.184
2.922 6.976 8.651 -0.440 6.264 0.020 2.922 -1.186
3.065 7.149 8.643 -0.418 6.262 0.020 3.065 -1.189
3.211 7.322 8.635 -0.394 6.260 0.020 3.211 -1.192
3.361 7.494 8.628 -0.367 6.258 0.020 3.361 -1.196
3.515 7.667 8.621 -0.338 6.256 0.020 3.514 -1.200
3.671 7.839 8.615 -0.307 6.254 0.020 3.671 -1.204
3.832 8.011 8.609 -0.273 6.251 0.020 3.831 -1.209
3.995 8.183 8.605 -0.237 6.249 0.020 3.995 -1.215
4.162 8.355 8.601 -0.199 6.246 0.020 4.162 -1.221
4.333 8.527 8.598 -0.158 6.244 0.020 4.332 -1.227
4.507 8.699 8.595 -0.115 6.241 0.020 4.506 -1.234
4.684 8.871 8.594 -0.069 6.238 0.020 4.683 -1.242
4.865 9.043 8.593 -0.022 6.235 0.020 4.864 -1.251
5.049 9.215 8.594 0.028 6.231 0.020 5.048 -1.260
5.237 9.387 8.596 0.079 6.228 0.020 5.235 -1.270
5.428 9.559 8.598 0.133 6.225 0.020 5.426 -1.281
5.623 9.731 8.602 0.189 6.221 0.020 5.621 -1.293
5.821 9.899 8.416 -9.278 6.217 0.020 5.818 -1.305
6.022 10.060 8.042 -18.730 6.213 0.020 6.019 -1.319
6.226 10.213 7.669 -18.651 6.209 0.020 6.223 -1.334
6.434 10.359 7.297 -18.576 6.205 0.020 6.429 -1.349
6.644 10.498 6.927 -18.505 6.201 0.020 6.638 -1.366
6.856 10.629 6.558 -18.439 6.197 0.020 6.850 -1.384
7.071 10.753 6.191 -18.378 6.193 0.020 7.064 -1.403
7.289 10.869 5.824 -18.323 6.188 0.020 7.281 -1.423
7.508 10.978 5.459 -18.275 6.184 0.020 7.499 -1.444
7.730 11.080 5.094 -18.232 6.180 0.020 7.720 -1.466
7.953 11.175 4.730 -18.197 6.175 0.020 7.942 -1.490
8.178 11.262 4.367 -18.168 6.170 0.020 8.166 -1.515
8.405 11.342 4.004 -18.146 6.166 0.020 8.391 -1.541
8.634 11.415 3.641 -18.132 6.161 0.020 8.618 -1.568
8.863 11.481 3.279 -18.124 6.157 0.020 8.846 -1.597
9.094 11.539 2.916 -18.124 6.152 0.020 9.075 -1.626
9.326 11.590 2.554 -18.130 6.147 0.020 9.305 -1.657
9.558 11.634 2.191 -18.143 6.143 0.020 9.535 -1.689
9.792 11.671 1.828 -18.163 6.138 0.020 9.766 -1.722
10.026 11.700 1.464 -18.189 6.134 0.020 9.998 -1.757
10.260 11.722 1.100 -18.220 6.129 0.020 10.229 -1.792
10.495 11.737 0.734 -18.258 6.125 0.020 10.461 -1.829
10.730 11.744 0.368 -18.300 6.120 0.020 10.693 -1.866
10.965 11.748 0.192 -8.816 6.116 0.020 10.925 -1.905
11.200 11.752 0.206 0.680 6.112 0.020 11.156 -1.945
11.435 11.756 0.219 0.655 6.108 0.020 11.388 -1.985
11.670 11.761 0.231 0.631 6.103 0.020 11.620 -2.027
11.906 11.766 0.244 0.606 6.099 0.020 11.851 -2.069
12.141 11.771 0.255 0.583 6.095 0.020 12.082 -2.113
12.377 11.776 0.266 0.559 6.092 0.020 12.314 -2.157
12.612 11.782 0.277 0.537 6.088 0.020 12.545 -2.202
12.848 11.787 0.287 0.515 6.084 0.020 12.776 -2.249
13.084 11.793 0.297 0.493 6.081 0.020 13.007 -2.296
13.320 11.800 0.307 0.473 6.077 0.020 13.238 -2.344
13.556 11.806 0.316 0.453 6.074 0.020 13.469 -2.392
13.792 11.812 0.324 0.434 6.071 0.020 13.700 -2.442
14.029 11.819 0.333 0.415 6.068 0.020 13.931 -2.492
14.265 11.826 0.341 0.398 6.065 0.020 14.162 -2.543
14.502 11.833 0.348 0.381 6.062 0.020 14.393 -2.594
14.738 11.840 0.356 0.365 6.059 0.020 14.624 -2.647
14.975 11.847 0.363 0.350 6.056 0.020 14.855 -2.700
15.213 11.855 0.369 0.335 6.054 0.020 15.086 -2.753
15.450 11.862 0.376 0.322 6.052 0.020 15.317 -2.807
15.687 11.870 0.382 0.309 6.049 0.020 15.548 -2.862
15.925 11.877 0.388 0.297 6.047 0.020 15.779 -2.918
16.162 11.885 0.394 0.286 6.045 0.020 16.010 -2.973
16.400 11.893 0.399 0.275 6.043 0.020 16.241 -3.030
16.638 11.901 0.404 0.265 6.042 0.020 16.472 -3.086
16.876 11.910 0.410 0.256 6.040 0.020 16.704 -3.143
17.115 11.918 0.415 0.248 6.039 0.020 16.935 -3.201
17.353 11.926 0.419 0.240 6.038 0.020 17.166 -3.259
17.592 11.935 0.424 0.233 6.036 0.020 17.398 -3.317
17.831 11.943 0.429 0.227 6.035 0.020 17.629 -3.376
18.070 11.952 0.433 0.221 6.035 0.020 17.861 -3.434
18.309 11.961 0.437 0.216 6.034 0.020 18.093 -3.493
18.549 11.970 0.441 0.211 6.033 0.020 18.325 -3.552
18.788 11.978 0.446 0.207 6.033 0.020 18.557 -3.612
19.028 11.987 0.450 0.203 6.033 0.020 18.789 -3.671
19.268 11.997 0.454 0.199 6.033 0.020 19.022 -3.730
19.508 12.006 0.458 0.196 6.033 0.020 19.254 -3.790
19.748 12.015 0.461 0.193 6.033 0.020 19.487 -3.849
19.989 12.024 0.465 0.191 6.034 0.020 19.720 -3.909
20.229 12.034 0.469 0.188 6.034 0.020 19.954 -3.968
20.470 12.043 0.473 0.186 6.035 0.020 20.187 -4.028
20.711 12.053 0.476 0.184 6.036 0.020 20.421 -4.087
20.953 12.062 0.480 0.182 6.037 0.020 20.655 -4.146
21.194 12.072 0.484 0.180 6.038 0.020 20.889 -4.204
21.436 12.082 0.487 0.178 6.039 0.020 21.123 -4.263
21.677 12.091 0.491 0.176 6.041 0.020 21.358 -4.321
21.919 12.101 0.494 0.174 6.043 0.020 21.593 -4.379
22.162 12.111 0.498 0.172 6.045 0.020 21.828 -4.436
22.404 12.121 0.501 0.169 6.047 0.020 22.064 -4.493
22.647 12.131 0.504 0.166 6.049 0.020 22.300 -4.550
22.890 12.141 0.508 0.163 6.051 0.020 22.536 -4.606
23.133 12.152 0.511 0.159 6.054 0.020 22.773 -4.662
23.376 12.162 0.514 0.155 6.057 0.020 23.010 -4.717
23.619 12.172 0.517 0.150 6.060 0.020 23.247 -4.771
23.863 12.183 0.520 0.144 6.063 0.020 23.485 -4.824
24.107 12.193 0.523 0.138 6.066 0.020 23.723 -4.877
24.351 12.204 0.525 0.131 6.070 0.020 23.961 -4.929
24.595 12.214 0.528 0.123 6.073 0.020 24.200 -4.981
24.840 12.225 0.530 0.114 6.077 0.020 24.439 -5.031
25.084 12.235 0.532 0.105 6.081 0.020 24.679 -5.081
25.329 12.246 0.534 0.094 6.085 0.020 24.919 -5.129
25.574 12.257 0.535 0.082 6.090 0.020 25.159 -5.177
25.820 12.268 0.537 0.068 6.094 0.020 25.400 -5.224
26.065 12.278 0.538 0.054 6.099 0.020 25.642 -5.269
26.311 12.289 0.539 0.037 6.104 0.020 25.883 -5.314
26.557 12.300 0.539 0.020 6.109 0.020 26.125 -5.357
26.803 12.311 0.539 0.001 6.115 0.020 26.368 -5.399
27.050 12.321 0.539 -0.020 6.120 0.020 26.611 -5.439
27.296 12.332 0.538 -0.042 6.126 0.020 26.855 -5.479
27.543 12.343 0.537 -0.066 6.132 0.020 27.099 -5.517
27.790 12.354 0.535 -0.091 6.138 0.020 27.343 -5.553
28.038 12.364 0.532 -0.119 6.144 0.020 27.588 -5.588
28.285 12.375 0.529 -0.148 6.150 0.020 27.833 -5.622
28.533 12.385 0.526 -0.179 6.157 0.020 28.079 -5.654
28.781 12.396 0.522 -0.211 6.164 0.020 28.325 -5.684
29.029 12.406 0.517 -0.246 6.171 0.020 28.571 -5.713
29.277 12.416 0.511 -0.282 6.178 0.020 28.818 -5.740
29.526 12.426 0.505 -0.319 6.185 0.020 29.065 -5.765
29.774 12.436 0.497 -0.359 6.193 0.020 29.313 -5.788
30.023 12.446 0.489 -0.399 6.200 0.020 29.561 -5.810
30.273 12.456 0.481 -0.441 6.208 0.020 29.809 -5.830
30.522 12.465 0.471 -0.485 6.216 0.020 30.058 -5.847
30.771 12.474 0.460 -0.529 6.224 0.020 30.307 -5.863
31.021 12.483 0.449 -0.575 6.233 0.020 30.556 -5.877
31.271 12.492 0.436 -0.621 6.241 0.020 30.806 -5.888
31.521 12.501 0.423 -0.667 6.250 0.020 31.055 -5.898
31.771 12.509 0.409 -0.714 6.258 0.020 31.306 -5.905
32.021 12.517 0.394 -0.761 6.267 0.020 31.556 -5.910
32.272 12.524 0.377 -0.808 6.276 0.020 31.806 -5.913
32.522 12.531 0.360 -0.854 0.002 0.020 32.057 -5.914
32.773 12.538 0.342 -0.900 0.011 0.020 32.308 -5.912
33.024 12.545 0.323 -0.944 0.021 0.020 32.559 -5.908
33.275 12.551 0.304 -0.987 0.030 0.020 32.809 -5.901
33.526 12.556 0.283 -1.029 0.040 0.020 33.060 -5.893
33.777 12.562 0.262 -1.068 0.049 0.020 33.311 -5.882
34.029 12.566 0.240 -1.105 0.059 0.020 33.562 -5.868
34.280 12.571 0.217 -1.140 0.069 0.020 33.813 -5.852
34.532 12.575 0.193 -1.172 0.079 0.020 34.064 -5.833
34.783 12.578 0.169 -1.200 0.089 0.020 34.315 -5.812
35.035 12.581 0.145 -1.225 0.099 0.020 34.565 -5.789
35.287 12.583 0.120 -1.247 0.109 0.020 34.816 -5.763
35.538 12.585 0.095 -1.265 0.119 0.020 35.066 -5.734
35.790 12.587 0.069 -1.280 0.129 0.020 35.316 -5.703
36.042 12.588 0.043 -1.290 0.139 0.020 35.565 -5.670
36.294 12.588 0.017 -1.296 0.149 0.020 35.814 -5.634
36.545 12.588 -0.009 -1.298 0.159 0.020 36.063 -5.595
36.797 12.587 -0.034 -1.296 0.169 0.020 36.311 -5.554
37.049 12.586 -0.060 -1.290 0.179 0.020 36.559 -5.511
37.300 12.584 -0.086 -1.280 0.189 0.020 36.807 -5.464
37.552 12.582 -0.111 -1.267 0.199 0.020 37.054 -5.416
37.804 12.579 -0.136 -1.249 0.209 0.020 37.300 -5.365
38.055 12.576 -0.161 -1.228 0.219 0.020 37.546 -5.312
38.307 12.572 -0.185 -1.204 0.229 0.020 37.791 -5.256
38.558 12.568 -0.208 -1.177 0.238 0.020 38.036 -5.198
38.809 12.563 -0.231 -1.147 0.248 0.020 38.279 -5.137
39.060 12.558 -0.254 -1.115 0.258 0.020 38.523 -5.074
39.311 12.553 -0.275 -1.080 0.267 0.020 38.765 -5.009
39.562 12.547 -0.296 -1.043 0.276 0.020 39.007 -4.942
39.813 12.541 -0.316 -1.005 0.286 0.020 39.248 -4.872
40.064 12.534 -0.336 -0.966 0.295 0.020 39.488 -4.801
40.314 12.527 -0.354 -0.926 0.304 0.020 39.727 -4.727
40.565 12.516 -0.563 -10.443 0.313 0.020 39.966 -4.651
40.815 12.496 -0.973 -20.523 0.322 0.020 40.203 -4.573
41.064 12.468 -1.394 -21.022 0.330 0.020 40.440 -4.493
41.313 12.432 -1.812 -20.921 0.339 0.020 40.674 -4.412
41.560 12.387 -2.229 -20.818 0.347 0.020 40.908 -4.328
41.807 12.335 -2.643 -20.711 0.355 0.020 41.139 -4.243
42.053 12.273 -3.055 -20.604 0.363 0.020 41.369 -4.157
42.297 12.204 -3.465 -20.495 0.371 0.020 41.597 -4.070
42.539 12.127 -3.872 -20.387 0.378 0.020 41.823 -3.981
42.780 12.041 -4.278 -20.278 0.385 0.020 42.046 -3.891
43.019 11.948 -4.681 -20.172 0.392 0.020 42.267 -3.801
43.256 11.846 -5.083 -20.066 0.399 0.020 42.486 -3.709
43.491 11.736 -5.482 -19.964 0.406 0.020 42.702 -3.617
43.723 11.619 -5.879 -19.863 0.412 0.020 42.915 -3.525
43.953 11.493 -6.275 -19.766 0.419 0.020 43.125 -3.432
44.180 11.360 -6.668 -19.672 0.425 0.020 43.333 -3.339
44.404 11.219 -7.060 -19.581 0.430 0.020 43.537 -3.246
44.626 11.070 -7.450 -19.493 0.436 0.020 43.738 -3.153
44.844 10.913 -7.838 -19.410 0.441 0.020 43.935 -3.060
45.059 10.748 -8.224 -19.330 0.446 0.020 44.130 -2.968
45.271 10.576 -8.609 -19.254 0.451 0.020 44.320 -2.876
45.478 10.396 -8.993 -19.182 0.456 0.020 44.507 -2.785
45.683 10.209 -9.375 -19.113 0.460 0.020 44.690 -2.695
45.883 10.017 -9.568 -9.657 0.465 0.020 44.870 -2.606
46.080 9.826 -9.562 0.342 0.469 0.020 45.045 -2.517
46.272 9.635 -9.543 0.924 0.472 0.020 45.217 -2.430
46.461 9.445 -9.525 0.919 0.476 0.020 45.385 -2.344
46.646 9.255 -9.507 0.913 0.479 0.020 45.549 -2.259
46.828 9.065 -9.488 0.906 0.483 0.020 45.710 -2.175
47.005 8.876 -9.470 0.897 0.486 0.020 45.867 -2.092
47.179 8.686 -9.453 0.888 0.489 0.020 46.021 -2.011
47.349 8.498 -9.435 0.879 0.491 0.020 46.171 -1.931
47.515 8.309 -9.418 0.868 0.494 0.020 46.317 -1.852
47.677 8.121 -9.401 0.857 0.496 0.020 46.460 -1.775
47.836 7.934 -9.384 0.846 0.499 0.020 46.599 -1.699
47.991 7.746 -9.367 0.834 0.501 0.020 46.735 -1.625
48.142 7.559 -9.351 0.822 0.503 0.020 46.868 -1.552
48.290 7.373 -9.334 0.810 0.504 0.020 46.997 -1.481
48.433 7.186 -9.318 0.797 0.506 0.020 47.123 -1.412
48.573 7.000 -9.303 0.784 0.508 0.020 47.245 -1.344
48.710 6.815 -9.287 0.771 0.509 0.020 47.364 -1.277
48.842 6.629 -9.272 0.758 0.511 0.020 47.480 -1.213
48.971 6.444 -9.257 0.745 0.512 0.020 47.592 -1.149
49.096 6.259 -9.243 0.731 0.513 0.020 47.701 -1.088
49.218 6.075 -9.228 0.717 0.514 0.020 47.807 -1.028
49.336 5.890 -9.214 0.703 0.515 0.020 47.910 -0.970
49.450 5.706 -9.200 0.689 0.516 0.020 48.009 -0.914
49.560 5.522 -9.187 0.674 0.517 0.020 48.105 -0.859
49.667 5.339 -9.174 0.659 0.518 0.020 48.198 -0.807
49.770 5.156 -9.161 0.644 0.519 0.020 48.288 -0.756
49.869 4.973 -9.148 0.628 0.519 0.020 48.374 -0.706
49.965 4.790 -9.136 0.612 0.520 0.020 48.457 -0.659
50.057 4.608 -9.124 0.596 0.520 0.020 48.537 -0.613
50.146 4.425 -9.113 0.579 0.521 0.020 48.614 -0.569
50.231 4.243 -9.101 0.562 0.521 0.020 48.687 -0.527
50.312 4.062 -9.090 0.544 0.522 0.020 48.758 -0.486
50.390 3.880 -9.080 0.526 0.522 0.020 48.825 -0.448
50.464 3.699 -9.070 0.508 0.522 0.020 48.889 -0.411
50.534 3.517 -9.060 0.489 0.522 0.020 48.950 -0.376
50.601 3.336 -9.051 0.469 0.523 0.020 49.008 -0.342
50.664 3.155 -9.042 0.449 0.523 0.020 49.063 -0.311
50.723 2.975 -9.033 0.428 0.523 0.020 49.114 -0.281
50.779 2.794 -9.025 0.407 0.523 0.020 49.163 -0.253
50.831 2.614 -9.017 0.386 0.523 0.020 49.208 -0.227
50.880 2.434 -9.010 0.364 0.523 0.020 49.250 -0.203
50.925 2.254 -9.003 0.341 0.523 0.020 49.289 -0.180
50.967 2.074 -8.997 0.318 0.523 0.020 49.325 -0.159
51.005 1.898 -8.807 9.472 0.523 0.020 49.358 -0.140
51.039 1.729 -8.424 19.187 0.523 0.020 49.388 -0.123
51.071 1.569 -8.029 19.721 0.524 0.020 49.415 -0.107
51.099 1.416 -7.635 19.688 0.524 0.020 49.440 -0.093
51.124 1.271 -7.242 19.657 0.524 0.020 49.462 -0.081
51.147 1.134 -6.850 19.630 0.524 0.020 49.481 -0.069
51.167 1.005 -6.458 19.605 0.524 0.020 49.499 -0.059
51.185 0.884 -6.066 19.582 0.524 0.020 49.514 -0.050
51.200 0.770 -5.675 19.562 0.524 0.020 49.527 -0.043
51.213 0.664 -5.284 19.545 0.524 0.020 49.539 -0.036
51.225 0.567 -4.893 19.530 0.524 0.020 49.549 -0.030
51.234 0.476 -4.503 19.517 0.524 0.020 49.557 -0.026
51.242 0.394 -4.113 19.506 0.524 0.020 49.564 -0.022
51.249 0.320 -3.723 19.496 0.524 0.020 49.569 -0.018
51.254 0.253 -3.333 19.489 0.524 0.020 49.574 -0.016
51.258 0.194 -2.943 19.483 0.524 0.020 49.577 -0.014
51.260 0.143 -2.554 19.478 0.524 0.020 49.579 -0.013
51.262 0.100 -2.164 19.474 0.524 0.020 49.581 -0.012
51.264 0.064 -1.775 19.472 0.524 0.020 49.582 -0.011
51.264 0.037 -1.386 19.470 0.524 0.020 49.583 -0.011
51.265 0.017 -0.996 19.469 0.524 0.020 49.583 -0.010
51.265 0.005 -0.607 19.468 0.524 0.020 49.583 -0.010
51.265 0.000 -0.217 19.468 0.524 0.020 49.583 -0.010
51.265 0.000 -0.011 10.304 0.524 0.020 49.583 -0.010
