BLUELeftGearToLeftWall
152
0.000 0.008 0.381 19.063 4.538 0.020 8.999 5.497
0.000 0.015 0.381 0.001 4.538 0.020 8.999 5.497
0.001 0.034 0.953 28.597 4.538 0.020 8.999 5.496
0.002 0.061 1.335 19.071 4.538 0.020 8.999 5.495
0.004 0.095 1.716 19.082 4.538 0.020 8.998 5.493
0.007 0.137 2.098 19.099 4.538 0.020 8.998 5.491
0.011 0.187 2.481 19.124 4.538 0.020 8.997 5.487
0.016 0.244 2.864 19.160 4.538 0.020 8.996 5.482
0.022 0.309 3.248 19.207 4.538 0.020 8.995 5.476
0.029 0.382 3.633 19.267 4.538 0.020 8.994 5.468
0.039 0.462 4.020 19.341 4.538 0.020 8.992 5.459
0.050 0.550 4.409 19.432 4.538 0.020 8.990 5.449
0.063 0.646 4.800 19.539 4.538 0.020 8.988 5.436
0.078 0.750 5.193 19.666 4.538 0.020 8.985 5.421
0.095 0.862 5.589 19.812 4.538 0.020 8.982 5.404
0.114 0.982 5.989 19.979 4.538 0.020 8.979 5.385
0.137 1.110 6.392 20.168 4.537 0.020 8.975 5.363
0.161 1.242 6.607 10.762 4.537 0.020 8.971 5.338
0.189 1.374 6.634 1.308 4.537 0.020 8.966 5.311
0.219 1.508 6.662 1.434 4.537 0.020 8.961 5.282
0.252 1.642 6.693 1.559 4.536 0.020 8.955 5.249
0.287 1.776 6.727 1.681 4.536 0.020 8.949 5.214
0.326 1.911 6.763 1.802 4.535 0.020 8.942 5.177
0.367 2.047 6.802 1.923 4.535 0.020 8.935 5.136
0.410 2.184 6.842 2.044 4.534 0.020 8.927 5.093
0.457 2.322 6.886 2.165 4.533 0.020 8.919 5.048
0.506 2.461 6.932 2.289 4.532 0.020 8.910 4.999
0.558 2.600 6.980 2.415 4.531 0.020 8.901 4.948
0.613 2.741 7.031 2.546 4.529 0.020 8.891 4.894
0.670 2.883 7.084 2.683 4.528 0.020 8.880 4.838
0.731 3.025 7.141 2.828 4.526 0.020 8.869 4.778
0.794 3.169 7.201 2.981 4.524 0.020 8.857 4.716
0.861 3.315 7.263 3.145 4.521 0.020 8.845 4.651
0.930 3.461 7.330 3.322 4.519 0.020 8.831 4.583
1.002 3.609 7.400 3.514 4.516 0.020 8.817 4.512
1.077 3.759 7.475 3.724 4.512 0.020 8.803 4.438
1.155 3.910 7.554 3.953 4.509 0.020 8.787 4.362
1.237 4.063 7.638 4.205 4.505 0.020 8.770 4.282
1.321 4.217 7.727 4.482 4.500 0.020 8.753 4.200
1.408 4.374 7.823 4.788 4.495 0.020 8.734 4.114
1.499 4.532 7.926 5.124 4.490 0.020 8.714 4.026
1.593 4.693 8.036 5.495 4.484 0.020 8.693 3.934
1.690 4.856 8.154 5.903 4.477 0.020 8.671 3.840
1.791 5.021 8.281 6.352 4.470 0.020 8.647 3.742
1.894 5.190 8.418 6.845 4.462 0.020 8.622 3.641
2.002 5.361 8.565 7.383 4.453 0.020 8.595 3.538
2.112 5.536 8.725 7.969 4.444 0.020 8.566 3.431
2.227 5.714 8.897 8.603 4.434 0.020 8.535 3.321
2.344 5.895 9.082 9.284 4.423 0.020 8.502 3.208
2.466 6.081 9.283 10.007 4.411 0.020 8.467 3.091
2.591 6.271 9.498 10.767 4.398 0.020 8.429 2.972
2.721 6.465 9.729 11.550 4.384 0.020 8.388 2.849
2.854 6.665 9.976 12.338 4.368 0.020 8.344 2.723
2.991 6.870 10.238 13.103 4.352 0.020 8.296 2.594
3.133 7.075 10.289 2.563 4.333 0.020 8.245 2.462
3.279 7.278 10.117 -8.598 4.314 0.020 8.190 2.328
3.428 7.477 9.936 -9.072 4.293 0.020 8.131 2.190
3.581 7.671 9.737 -9.908 4.270 0.020 8.067 2.051
3.739 7.862 9.513 -11.196 4.246 0.020 7.998 1.910
3.900 8.047 9.253 -13.028 4.220 0.020 7.923 1.767
4.064 8.225 8.943 -15.494 4.193 0.020 7.844 1.623
4.232 8.397 8.570 -18.667 4.164 0.020 7.758 1.478
4.403 8.559 8.118 -22.585 4.133 0.020 7.667 1.334
4.577 8.711 7.573 -27.238 4.100 0.020 7.569 1.190
4.754 8.849 6.922 -32.540 4.066 0.020 7.465 1.046
4.934 8.972 6.156 -38.318 4.031 0.020 7.354 0.905
5.115 9.078 5.270 -44.300 3.994 0.020 7.237 0.766
5.299 9.163 4.268 -50.125 3.956 0.020 7.114 0.631
5.483 9.226 3.160 -55.370 3.918 0.020 6.985 0.499
5.669 9.266 1.968 -59.598 3.879 0.020 6.850 0.372
5.854 9.280 0.720 -62.419 3.840 0.020 6.710 0.250
6.040 9.274 -0.299 -50.939 3.801 0.020 6.566 0.133
6.225 9.253 -1.056 -37.848 3.762 0.020 6.418 0.023
6.409 9.217 -1.776 -36.009 3.724 0.020 6.266 -0.082
6.592 9.169 -2.436 -32.978 3.687 0.020 6.111 -0.180
6.775 9.108 -3.016 -29.013 3.651 0.020 5.953 -0.271
6.955 9.038 -3.504 -24.427 3.616 0.020 5.794 -0.357
7.135 8.960 -3.895 -19.546 3.582 0.020 5.633 -0.436
7.312 8.877 -4.189 -14.668 3.550 0.020 5.471 -0.509
7.488 8.789 -4.389 -10.038 3.520 0.020 5.309 -0.576
7.662 8.695 -4.686 -14.826 3.490 0.020 5.146 -0.638
7.834 8.592 -5.135 -22.441 3.463 0.020 4.984 -0.695
8.003 8.481 -5.560 -21.240 3.437 0.020 4.823 -0.746
8.170 8.363 -5.916 -17.834 3.413 0.020 4.662 -0.793
8.335 8.238 -6.218 -15.076 3.390 0.020 4.503 -0.835
8.497 8.109 -6.476 -12.926 3.369 0.020 4.345 -0.873
8.657 7.975 -6.703 -11.321 3.349 0.020 4.189 -0.908
8.814 7.837 -6.906 -10.186 3.331 0.020 4.036 -0.939
8.968 7.695 -7.095 -9.443 3.314 0.020 3.884 -0.966
9.119 7.549 -7.276 -9.017 3.298 0.020 3.735 -0.991
9.267 7.400 -7.453 -8.841 3.284 0.020 3.589 -1.013
9.412 7.248 -7.630 -8.855 3.270 0.020 3.445 -1.033
9.553 7.091 -7.810 -9.011 3.258 0.020 3.305 -1.050
9.692 6.932 -7.995 -9.269 3.247 0.020 3.167 -1.065
9.827 6.768 -8.187 -9.596 3.237 0.020 3.032 -1.079
9.959 6.600 -8.387 -9.969 3.227 0.020 2.901 -1.091
10.088 6.428 -8.594 -10.368 3.219 0.020 2.773 -1.101
10.213 6.255 -8.653 -2.955 3.211 0.020 2.648 -1.110
10.335 6.085 -8.519 6.685 3.204 0.020 2.526 -1.118
10.453 5.918 -8.352 8.372 3.197 0.020 2.408 -1.125
10.568 5.754 -8.198 7.672 3.191 0.020 2.293 -1.131
10.680 5.593 -8.058 7.036 3.186 0.020 2.182 -1.137
10.789 5.434 -7.928 6.460 3.181 0.020 2.073 -1.141
10.894 5.278 -7.810 5.936 3.177 0.020 1.967 -1.145
10.997 5.124 -7.701 5.461 3.173 0.020 1.865 -1.148
11.096 4.972 -7.600 5.029 3.169 0.020 1.766 -1.151
11.193 4.822 -7.507 4.636 3.166 0.020 1.669 -1.154
11.286 4.673 -7.422 4.278 3.163 0.020 1.576 -1.156
11.377 4.526 -7.343 3.951 3.160 0.020 1.485 -1.158
11.464 4.381 -7.270 3.651 3.158 0.020 1.398 -1.159
11.549 4.237 -7.202 3.377 3.156 0.020 1.313 -1.161
11.631 4.094 -7.140 3.125 3.154 0.020 1.231 -1.162
11.710 3.953 -7.082 2.893 3.152 0.020 1.152 -1.163
11.786 3.812 -7.028 2.678 3.151 0.020 1.076 -1.163
11.860 3.672 -6.979 2.480 3.150 0.020 1.002 -1.164
11.930 3.534 -6.933 2.296 3.148 0.020 0.932 -1.165
11.998 3.396 -6.890 2.125 3.147 0.020 0.864 -1.165
12.063 3.259 -6.851 1.966 3.147 0.020 0.799 -1.165
12.126 3.123 -6.815 1.817 3.146 0.020 0.736 -1.166
12.186 2.987 -6.781 1.679 3.145 0.020 0.676 -1.166
12.243 2.852 -6.750 1.549 3.144 0.020 0.619 -1.166
12.297 2.718 -6.721 1.428 3.144 0.020 0.565 -1.166
12.349 2.584 -6.695 1.315 3.144 0.020 0.513 -1.166
12.398 2.450 -6.671 1.208 3.143 0.020 0.464 -1.166
12.444 2.317 -6.649 1.109 3.143 0.020 0.418 -1.166
12.488 2.185 -6.628 1.015 3.143 0.020 0.374 -1.167
12.529 2.053 -6.610 0.927 3.142 0.020 0.333 -1.167
12.567 1.921 -6.593 0.845 3.142 0.020 0.295 -1.167
12.603 1.789 -6.578 0.767 3.142 0.020 0.259 -1.167
12.636 1.658 -6.564 0.694 3.142 0.020 0.226 -1.167
12.667 1.527 -6.551 0.626 3.142 0.020 0.195 -1.167
12.694 1.396 -6.540 0.561 3.142 0.020 0.167 -1.167
12.720 1.265 -6.530 0.501 3.142 0.020 0.142 -1.167
12.742 1.135 -6.521 0.443 3.142 0.020 0.119 -1.167
12.763 1.008 -6.368 7.674 3.142 0.020 0.099 -1.167
12.780 0.887 -6.025 17.158 3.142 0.020 0.082 -1.167
12.796 0.774 -5.637 19.355 3.142 0.020 0.066 -1.167
12.809 0.669 -5.251 19.298 3.142 0.020 0.053 -1.167
12.821 0.572 -4.866 19.250 3.142 0.020 0.041 -1.167
12.830 0.482 -4.482 19.209 3.142 0.020 0.032 -1.167
12.838 0.400 -4.099 19.175 3.142 0.020 0.024 -1.167
12.845 0.326 -3.716 19.147 3.142 0.020 0.017 -1.167
12.850 0.259 -3.333 19.125 3.142 0.020 0.012 -1.167
12.854 0.200 -2.951 19.107 3.142 0.020 0.008 -1.167
12.857 0.149 -2.569 19.093 3.142 0.020 0.005 -1.167
12.859 0.105 -2.188 19.082 3.142 0.020 0.003 -1.167
12.861 0.069 -1.806 19.074 3.142 0.020 0.001 -1.167
12.861 0.041 -1.425 19.069 3.142 0.020 0.001 -1.167
12.862 0.020 -1.044 19.066 3.142 0.020 0.000 -1.167
12.862 0.007 -0.662 19.064 3.142 0.020 0.000 -1.167
12.862 0.001 -0.281 19.063 3.142 0.020 -0.000 -1.167
12.862 0.000 -0.045 11.790 3.142 0.020 -0.000 -1.167
0.000 0.008 0.381 19.063 4.538 0.020 6.701 5.903
0.000 0.015 0.381 -0.001 4.538 0.020 6.701 5.902
0.001 0.034 0.953 28.592 4.538 0.020 6.701 5.902
0.002 0.061 1.334 19.055 4.538 0.020 6.701 5.900
0.004 0.095 1.715 19.045 4.538 0.020 6.700 5.898
0.007 0.137 2.096 19.027 4.538 0.020 6.700 5.896
0.011 0.187 2.476 19.002 4.538 0.020 6.699 5.892
0.016 0.244 2.855 18.967 4.538 0.020 6.698 5.887
0.022 0.308 3.233 18.920 4.538 0.020 6.697 5.881
0.029 0.381 3.611 18.860 4.538 0.020 6.696 5.874
0.039 0.460 3.986 18.785 4.538 0.020 6.694 5.865
0.049 0.548 4.360 18.695 4.538 0.020 6.692 5.854
0.062 0.642 4.732 18.587 4.538 0.020 6.690 5.841
0.077 0.744 5.101 18.461 4.538 0.020 6.688 5.827
0.094 0.854 5.467 18.314 4.538 0.020 6.685 5.810
0.114 0.970 5.830 18.147 4.538 0.020 6.681 5.791
0.136 1.094 6.190 17.958 4.537 0.020 6.677 5.769
0.160 1.221 6.356 8.301 4.537 0.020 6.673 5.745
0.187 1.348 6.329 -1.308 4.537 0.020 6.669 5.718
0.216 1.474 6.301 -1.434 4.537 0.020 6.663 5.689
0.248 1.599 6.270 -1.559 4.536 0.020 6.658 5.658
0.283 1.724 6.236 -1.681 4.536 0.020 6.652 5.624
0.320 1.848 6.200 -1.802 4.535 0.020 6.645 5.588
0.359 1.971 6.161 -1.923 4.535 0.020 6.638 5.549
0.401 2.094 6.121 -2.044 4.534 0.020 6.631 5.508
0.445 2.215 6.077 -2.165 4.533 0.020 6.623 5.464
0.492 2.336 6.031 -2.289 4.532 0.020 6.615 5.418
0.541 2.455 5.983 -2.415 4.531 0.020 6.606 5.370
0.593 2.574 5.932 -2.547 4.529 0.020 6.596 5.319
0.647 2.692 5.879 -2.683 4.528 0.020 6.587 5.266
0.703 2.808 5.822 -2.828 4.526 0.020 6.576 5.211
0.761 2.923 5.762 -2.981 4.524 0.020 6.565 5.154
0.822 3.037 5.699 -3.145 4.521 0.020 6.554 5.094
0.885 3.150 5.633 -3.322 4.519 0.020 6.542 5.032
0.950 3.261 5.563 -3.515 4.516 0.020 6.529 4.968
1.018 3.371 5.488 -3.724 4.512 0.020 6.516 4.902
1.087 3.479 5.409 -3.954 4.509 0.020 6.502 4.834
1.159 3.586 5.325 -4.206 4.505 0.020 6.487 4.764
1.233 3.690 5.235 -4.483 4.500 0.020 6.472 4.691
1.309 3.793 5.140 -4.788 4.495 0.020 6.456 4.617
1.386 3.894 5.037 -5.125 4.490 0.020 6.439 4.541
1.466 3.992 4.927 -5.496 4.484 0.020 6.421 4.464
1.548 4.089 4.809 -5.905 4.477 0.020 6.402 4.384
1.632 4.182 4.682 -6.354 4.470 0.020 6.382 4.303
1.717 4.273 4.545 -6.847 4.462 0.020 6.361 4.220
1.804 4.361 4.397 -7.386 4.453 0.020 6.339 4.135
1.893 4.446 4.238 -7.972 4.444 0.020 6.316 4.050
1.984 4.527 4.066 -8.606 4.434 0.020 6.292 3.962
2.076 4.605 3.880 -9.287 4.423 0.020 6.266 3.874
2.169 4.678 3.680 -10.012 4.411 0.020 6.239 3.784
2.264 4.748 3.464 -10.772 4.398 0.020 6.210 3.694
2.361 4.812 3.233 -11.556 4.384 0.020 6.179 3.603
2.458 4.872 2.986 -12.346 4.368 0.020 6.147 3.511
2.557 4.926 2.724 -13.112 4.352 0.020 6.113 3.418
2.656 4.972 2.291 -21.636 4.333 0.020 6.077 3.326
2.756 5.006 1.701 -29.538 4.314 0.020 6.039 3.233
2.857 5.029 1.119 -29.066 4.293 0.020 5.999 3.141
2.958 5.040 0.555 -28.230 4.270 0.020 5.957 3.049
3.058 5.040 0.016 -26.943 4.246 0.020 5.913 2.958
3.159 5.030 -0.486 -25.110 4.220 0.020 5.867 2.869
3.259 5.012 -0.939 -22.643 4.193 0.020 5.818 2.781
3.359 4.985 -1.329 -19.470 4.164 0.020 5.768 2.696
3.458 4.952 -1.640 -15.549 4.133 0.020 5.715 2.612
3.556 4.915 -1.857 -10.892 4.100 0.020 5.659 2.530
3.654 4.876 -1.969 -5.585 4.066 0.020 5.602 2.452
3.751 4.836 -1.965 0.198 4.031 0.020 5.542 2.375
3.847 4.800 -1.841 6.187 3.994 0.020 5.481 2.302
3.942 4.768 -1.601 12.019 3.956 0.020 5.417 2.231
4.037 4.742 -1.256 17.270 3.918 0.020 5.350 2.164
4.131 4.726 -0.826 21.504 3.879 0.020 5.281 2.099
4.226 4.719 -0.339 24.329 3.840 0.020 5.210 2.037
4.320 4.725 0.299 31.909 3.801 0.020 5.137 1.977
4.415 4.746 1.057 37.877 3.762 0.020 5.061 1.921
4.511 4.782 1.777 36.036 3.724 0.020 4.982 1.867
4.607 4.831 2.437 33.002 3.687 0.020 4.900 1.815
4.705 4.891 3.018 29.032 3.651 0.020 4.816 1.766
4.804 4.961 3.507 24.441 3.616 0.020 4.728 1.719
4.905 5.039 3.898 19.555 3.582 0.020 4.638 1.674
5.008 5.123 4.191 14.672 3.550 0.020 4.544 1.632
5.112 5.211 4.392 10.039 3.520 0.020 4.448 1.592
5.218 5.299 4.398 0.278 3.490 0.020 4.349 1.555
5.325 5.382 4.174 -11.171 3.463 0.020 4.247 1.519
5.435 5.459 3.837 -16.892 3.437 0.020 4.143 1.486
5.545 5.528 3.431 -20.300 3.413 0.020 4.037 1.455
5.657 5.587 2.969 -23.060 3.390 0.020 3.929 1.427
5.770 5.636 2.465 -25.211 3.369 0.020 3.820 1.400
5.883 5.675 1.929 -26.816 3.349 0.020 3.709 1.376
5.997 5.702 1.370 -27.950 3.331 0.020 3.597 1.353
6.112 5.718 0.796 -28.693 3.314 0.020 3.484 1.333
6.226 5.722 0.214 -29.118 3.298 0.020 3.372 1.314
6.340 5.715 -0.372 -29.294 3.284 0.020 3.259 1.297
6.454 5.696 -0.958 -29.279 3.270 0.020 3.146 1.281
6.567 5.665 -1.540 -29.122 3.258 0.020 3.033 1.268
6.680 5.623 -2.118 -28.863 3.247 0.020 2.921 1.255
6.791 5.569 -2.688 -28.535 3.237 0.020 2.811 1.244
6.901 5.504 -3.251 -28.162 3.227 0.020 2.701 1.234
7.010 5.428 -3.807 -27.762 3.219 0.020 2.593 1.225
7.117 5.343 -4.219 -20.629 3.211 0.020 2.486 1.217
7.222 5.254 -4.443 -11.205 3.204 0.020 2.381 1.211
7.325 5.162 -4.611 -8.374 3.197 0.020 2.278 1.205
7.426 5.067 -4.764 -7.674 3.191 0.020 2.177 1.199
7.526 4.969 -4.905 -7.038 3.186 0.020 2.078 1.195
7.623 4.868 -5.034 -6.461 3.181 0.020 1.981 1.190
7.719 4.765 -5.153 -5.937 3.177 0.020 1.885 1.187
7.812 4.660 -5.262 -5.462 3.173 0.020 1.792 1.184
7.903 4.553 -5.363 -5.030 3.169 0.020 1.701 1.181
7.992 4.443 -5.456 -4.637 3.166 0.020 1.612 1.179
8.078 4.333 -5.541 -4.278 3.163 0.020 1.526 1.177
8.163 4.220 -5.620 -3.951 3.160 0.020 1.441 1.175
8.245 4.106 -5.693 -3.652 3.158 0.020 1.359 1.174
8.325 3.991 -5.761 -3.377 3.156 0.020 1.279 1.172
8.402 3.875 -5.823 -3.125 3.154 0.020 1.202 1.171
8.477 3.757 -5.881 -2.893 3.152 0.020 1.127 1.171
8.550 3.638 -5.935 -2.678 3.151 0.020 1.054 1.170
8.620 3.519 -5.984 -2.480 3.150 0.020 0.984 1.169
8.688 3.398 -6.030 -2.296 3.148 0.020 0.916 1.169
8.754 3.277 -6.073 -2.125 3.147 0.020 0.850 1.168
8.817 3.154 -6.112 -1.966 3.147 0.020 0.787 1.168
8.878 3.031 -6.148 -1.817 3.146 0.020 0.726 1.168
8.936 2.908 -6.182 -1.679 3.145 0.020 0.668 1.167
8.991 2.783 -6.213 -1.549 3.144 0.020 0.613 1.167
9.045 2.659 -6.242 -1.428 3.144 0.020 0.559 1.167
9.095 2.533 -6.268 -1.315 3.144 0.020 0.509 1.167
9.143 2.407 -6.292 -1.208 3.143 0.020 0.461 1.167
9.189 2.281 -6.314 -1.109 3.143 0.020 0.415 1.167
9.232 2.154 -6.334 -1.015 3.143 0.020 0.372 1.167
9.273 2.027 -6.353 -0.927 3.142 0.020 0.331 1.167
9.311 1.900 -6.370 -0.845 3.142 0.020 0.293 1.167
9.346 1.772 -6.385 -0.767 3.142 0.020 0.258 1.167
9.379 1.644 -6.399 -0.694 3.142 0.020 0.225 1.167
9.409 1.516 -6.412 -0.626 3.142 0.020 0.195 1.167
9.437 1.388 -6.423 -0.561 3.142 0.020 0.167 1.167
9.462 1.259 -6.433 -0.501 3.142 0.020 0.142 1.167
9.485 1.130 -6.442 -0.443 3.142 0.020 0.119 1.167
9.505 1.004 -6.304 6.872 3.142 0.020 0.099 1.167
9.523 0.885 -5.975 16.451 3.142 0.020 0.081 1.167
9.538 0.773 -5.600 18.771 3.142 0.020 0.066 1.167
9.551 0.668 -5.223 18.828 3.142 0.020 0.053 1.167
9.563 0.571 -4.846 18.876 3.142 0.020 0.041 1.167
9.573 0.482 -4.467 18.917 3.142 0.020 0.032 1.167
9.581 0.400 -4.088 18.951 3.142 0.020 0.024 1.167
9.587 0.326 -3.709 18.979 3.142 0.020 0.017 1.167
9.592 0.259 -3.329 19.002 3.142 0.020 0.012 1.167
9.596 0.200 -2.948 19.020 3.142 0.020 0.008 1.167
9.599 0.149 -2.568 19.034 3.142 0.020 0.005 1.167
9.601 0.105 -2.187 19.044 3.142 0.020 0.003 1.167
9.603 0.069 -1.806 19.052 3.142 0.020 0.001 1.167
9.604 0.041 -1.425 19.057 3.142 0.020 0.001 1.167
9.604 0.020 -1.043 19.060 3.142 0.020 0.000 1.167
9.604 0.007 -0.662 19.062 3.142 0.020 0.000 1.167
9.604 0.001 -0.281 19.063 3.142 0.020 0.000 1.167
9.604 0.000 -0.045 11.790 3.142 0.020 0.000 1.167
