BLUEBoilerToRightGear
143
0.000 0.008 0.381 19.063 6.283 0.020 0.000 1.167
0.000 0.015 0.381 0.001 6.283 0.020 0.000 1.167
0.001 0.034 0.953 28.599 6.283 0.020 0.001 1.167
0.002 0.061 1.335 19.078 6.283 0.020 0.002 1.167
0.004 0.095 1.717 19.097 6.283 0.020 0.004 1.167
0.007 0.137 2.099 19.128 6.283 0.020 0.007 1.167
0.011 0.187 2.483 19.175 6.283 0.020 0.011 1.167
0.016 0.244 2.868 19.239 6.283 0.020 0.016 1.167
0.022 0.309 3.254 19.324 6.283 0.020 0.022 1.167
0.029 0.382 3.643 19.431 6.283 0.020 0.029 1.167
0.039 0.463 4.034 19.564 6.283 0.020 0.039 1.167
0.050 0.552 4.428 19.723 6.283 0.020 0.050 1.167
0.063 0.648 4.827 19.910 6.283 0.020 0.063 1.167
0.078 0.753 5.229 20.126 6.283 0.020 0.078 1.167
0.095 0.865 5.637 20.371 6.283 0.020 0.095 1.167
0.115 0.986 6.049 20.644 6.283 0.020 0.115 1.167
0.137 1.116 6.468 20.944 6.282 0.020 0.137 1.167
0.162 1.250 6.700 11.584 6.282 0.020 0.162 1.167
0.190 1.385 6.743 2.124 6.282 0.020 0.190 1.167
0.220 1.520 6.788 2.265 6.281 0.020 0.220 1.167
0.253 1.657 6.835 2.383 6.281 0.020 0.253 1.166
0.289 1.795 6.885 2.476 6.280 0.020 0.289 1.166
0.328 1.933 6.936 2.541 6.279 0.020 0.328 1.166
0.369 2.073 6.987 2.577 6.278 0.020 0.369 1.166
0.414 2.214 7.039 2.582 6.276 0.020 0.414 1.166
0.461 2.356 7.090 2.555 6.275 0.020 0.461 1.165
0.511 2.499 7.140 2.495 6.273 0.020 0.511 1.165
0.564 2.642 7.188 2.400 6.271 0.020 0.564 1.164
0.619 2.787 7.233 2.269 6.269 0.020 0.619 1.164
0.678 2.933 7.275 2.101 6.267 0.020 0.678 1.163
0.740 3.079 7.313 1.896 6.264 0.020 0.739 1.162
0.804 3.226 7.346 1.653 6.261 0.020 0.804 1.160
0.871 3.373 7.374 1.372 6.257 0.020 0.871 1.159
0.942 3.521 7.395 1.053 6.254 0.020 0.942 1.157
1.015 3.669 7.409 0.695 6.250 0.020 1.015 1.154
1.092 3.818 7.415 0.300 6.245 0.020 1.091 1.152
1.171 3.966 7.412 -0.131 6.241 0.020 1.171 1.148
1.253 4.114 7.400 -0.597 6.236 0.020 1.253 1.145
1.338 4.261 7.378 -1.096 6.230 0.020 1.338 1.140
1.427 4.408 7.346 -1.624 6.225 0.020 1.426 1.136
1.518 4.554 7.302 -2.178 6.219 0.020 1.517 1.130
1.612 4.699 7.247 -2.755 6.213 0.020 1.611 1.124
1.709 4.843 7.180 -3.349 6.206 0.020 1.707 1.117
1.808 4.985 7.101 -3.956 6.200 0.020 1.807 1.109
1.911 5.125 7.010 -4.569 6.193 0.020 1.909 1.100
2.016 5.263 6.906 -5.183 6.186 0.020 2.014 1.090
2.124 5.399 6.790 -5.791 6.179 0.020 2.121 1.079
2.235 5.532 6.662 -6.388 6.172 0.020 2.231 1.067
2.348 5.663 6.523 -6.966 6.165 0.020 2.344 1.054
2.464 5.790 6.373 -7.520 6.158 0.020 2.459 1.040
2.582 5.914 6.212 -8.045 6.151 0.020 2.576 1.025
2.703 6.035 6.041 -8.537 6.144 0.020 2.695 1.009
2.826 6.152 5.861 -8.993 6.138 0.020 2.817 0.991
2.951 6.266 5.673 -9.411 6.131 0.020 2.941 0.973
3.078 6.371 5.276 -19.848 6.126 0.020 3.067 0.953
3.208 6.465 4.676 -29.991 6.120 0.020 3.195 0.932
3.339 6.547 4.080 -29.829 6.115 0.020 3.324 0.911
3.471 6.616 3.489 -29.553 6.110 0.020 3.454 0.888
3.605 6.674 2.905 -29.174 6.107 0.020 3.586 0.865
3.739 6.721 2.331 -28.703 6.104 0.020 3.718 0.841
3.874 6.756 1.768 -28.148 6.101 0.020 3.851 0.817
4.010 6.781 1.218 -27.520 6.100 0.020 3.984 0.792
4.146 6.794 0.681 -26.827 6.099 0.020 4.118 0.768
4.282 6.798 0.160 -26.072 6.099 0.020 4.252 0.743
4.417 6.791 -0.345 -25.258 6.100 0.020 4.385 0.718
4.553 6.774 -0.833 -24.387 6.103 0.020 4.518 0.693
4.688 6.748 -1.302 -23.456 6.106 0.020 4.651 0.669
4.822 6.713 -1.752 -22.461 6.110 0.020 4.783 0.646
4.955 6.669 -2.180 -21.397 6.116 0.020 4.915 0.623
5.088 6.618 -2.585 -20.259 6.122 0.020 5.045 0.602
5.219 6.558 -2.966 -19.042 6.130 0.020 5.175 0.581
5.349 6.493 -3.271 -15.251 6.138 0.020 5.303 0.562
5.477 6.422 -3.550 -13.969 6.148 0.020 5.431 0.544
5.604 6.345 -3.851 -15.054 6.159 0.020 5.556 0.528
5.729 6.262 -4.122 -13.533 6.171 0.020 5.681 0.513
5.853 6.175 -4.361 -11.965 6.183 0.020 5.804 0.500
5.975 6.084 -4.569 -10.378 6.197 0.020 5.925 0.488
6.094 5.989 -4.745 -8.806 6.211 0.020 6.044 0.479
6.212 5.891 -4.890 -7.289 6.226 0.020 6.162 0.471
6.328 5.791 -5.008 -5.876 6.242 0.020 6.277 0.466
6.442 5.689 -5.100 -4.614 6.258 0.020 6.391 0.462
6.554 5.586 -5.171 -3.554 6.275 0.020 6.503 0.460
6.663 5.481 -5.226 -2.740 0.009 0.020 6.612 0.460
6.771 5.376 -5.270 -2.210 0.026 0.020 6.720 0.462
6.876 5.269 -5.310 -1.991 0.044 0.020 6.825 0.465
6.979 5.162 -5.352 -2.094 0.061 0.020 6.928 0.471
7.080 5.054 -5.402 -2.519 0.078 0.020 7.029 0.478
7.179 4.945 -5.467 -3.246 0.095 0.020 7.128 0.486
7.276 4.836 -5.438 1.445 0.112 0.020 7.224 0.496
7.371 4.731 -5.275 8.182 0.128 0.020 7.318 0.508
7.463 4.629 -5.092 9.142 0.144 0.020 7.410 0.520
7.554 4.530 -4.935 7.833 0.159 0.020 7.499 0.534
7.642 4.434 -4.805 6.537 0.173 0.020 7.587 0.549
7.729 4.340 -4.699 5.280 0.187 0.020 7.672 0.564
7.814 4.248 -4.617 4.082 0.201 0.020 7.755 0.580
7.897 4.157 -4.558 2.961 0.213 0.020 7.837 0.598
7.979 4.066 -4.520 1.927 0.225 0.020 7.916 0.615
8.058 3.976 -4.500 0.988 0.237 0.020 7.994 0.634
8.136 3.886 -4.497 0.145 0.247 0.020 8.069 0.652
8.212 3.796 -4.509 -0.601 0.257 0.020 8.142 0.671
8.286 3.705 -4.534 -1.255 0.267 0.020 8.214 0.690
8.358 3.614 -4.570 -1.821 0.275 0.020 8.284 0.710
8.429 3.522 -4.617 -2.306 0.284 0.020 8.351 0.729
8.497 3.428 -4.671 -2.716 0.291 0.020 8.417 0.749
8.564 3.334 -4.732 -3.058 0.298 0.020 8.481 0.768
8.629 3.238 -4.799 -3.340 0.304 0.020 8.543 0.787
8.691 3.140 -4.870 -3.569 0.310 0.020 8.603 0.806
8.752 3.041 -4.945 -3.750 0.315 0.020 8.661 0.825
8.811 2.941 -5.023 -3.889 0.319 0.020 8.716 0.843
8.868 2.839 -5.103 -3.991 0.324 0.020 8.770 0.861
8.923 2.735 -5.184 -4.060 0.327 0.020 8.822 0.879
8.975 2.630 -5.266 -4.100 0.331 0.020 8.872 0.896
9.026 2.523 -5.348 -4.113 0.334 0.020 8.920 0.912
9.074 2.414 -5.430 -4.103 0.336 0.020 8.965 0.928
9.120 2.304 -5.512 -4.070 0.338 0.020 9.009 0.943
9.164 2.192 -5.592 -4.016 0.340 0.020 9.050 0.958
9.205 2.079 -5.671 -3.942 0.342 0.020 9.089 0.972
9.245 1.964 -5.748 -3.849 0.343 0.020 9.126 0.985
9.282 1.847 -5.823 -3.737 0.345 0.020 9.161 0.997
9.316 1.729 -5.895 -3.607 0.346 0.020 9.194 1.009
9.348 1.610 -5.964 -3.460 0.346 0.020 9.224 1.020
9.378 1.490 -6.030 -3.295 0.347 0.020 9.252 1.030
9.406 1.368 -6.092 -3.114 0.348 0.020 9.278 1.039
9.431 1.245 -6.150 -2.916 0.348 0.020 9.301 1.048
9.453 1.121 -6.204 -2.702 0.348 0.020 9.322 1.055
9.473 0.998 -6.119 4.277 0.349 0.020 9.341 1.062
9.491 0.882 -5.839 14.014 0.349 0.020 9.357 1.068
9.506 0.772 -5.498 17.056 0.349 0.020 9.372 1.074
9.519 0.669 -5.149 17.405 0.349 0.020 9.384 1.078
9.531 0.573 -4.795 17.715 0.349 0.020 9.395 1.082
9.540 0.484 -4.435 17.987 0.349 0.020 9.404 1.085
9.549 0.403 -4.071 18.222 0.349 0.020 9.412 1.088
9.555 0.329 -3.703 18.421 0.349 0.020 9.418 1.090
9.560 0.262 -3.331 18.588 0.349 0.020 9.423 1.092
9.564 0.203 -2.956 18.723 0.349 0.020 9.427 1.094
9.567 0.151 -2.580 18.830 0.349 0.020 9.430 1.095
9.570 0.107 -2.201 18.912 0.349 0.020 9.432 1.095
9.571 0.071 -1.822 18.973 0.349 0.020 9.433 1.096
9.572 0.042 -1.442 19.014 0.349 0.020 9.434 1.096
9.572 0.021 -1.061 19.040 0.349 0.020 9.434 1.096
9.572 0.007 -0.680 19.055 0.349 0.020 9.434 1.096
9.572 0.001 -0.299 19.061 0.349 0.020 9.434 1.096
9.572 0.000 -0.054 12.231 0.349 0.020 9.434 1.096
0.000 0.008 0.381 19.063 6.283 0.020 0.000 -1.167
0.000 0.015 0.381 -0.001 6.283 0.020 0.000 -1.167
0.001 0.034 0.953 28.590 6.283 0.020 0.001 -1.167
0.002 0.061 1.334 19.048 6.283 0.020 0.002 -1.167
0.004 0.095 1.715 19.029 6.283 0.020 0.004 -1.167
0.007 0.137 2.095 18.998 6.283 0.020 0.007 -1.167
0.011 0.187 2.474 18.952 6.283 0.020 0.011 -1.167
0.016 0.244 2.851 18.887 6.283 0.020 0.016 -1.167
0.022 0.308 3.227 18.803 6.283 0.020 0.022 -1.167
0.029 0.380 3.601 18.695 6.283 0.020 0.029 -1.167
0.039 0.460 3.973 18.563 6.283 0.020 0.039 -1.167
0.049 0.547 4.341 18.403 6.283 0.020 0.049 -1.167
0.062 0.641 4.705 18.216 6.283 0.020 0.062 -1.167
0.077 0.742 5.065 18.000 6.283 0.020 0.077 -1.167
0.094 0.850 5.420 17.755 6.283 0.020 0.094 -1.167
0.113 0.966 5.770 17.482 6.283 0.020 0.113 -1.167
0.135 1.088 6.113 17.183 6.282 0.020 0.135 -1.167
0.159 1.213 6.263 7.480 6.282 0.020 0.159 -1.167
0.186 1.338 6.220 -2.124 6.282 0.020 0.186 -1.167
0.215 1.461 6.175 -2.265 6.281 0.020 0.215 -1.167
0.247 1.584 6.127 -2.383 6.281 0.020 0.247 -1.167
0.281 1.705 6.078 -2.476 6.280 0.020 0.281 -1.167
0.318 1.826 6.027 -2.541 6.279 0.020 0.318 -1.167
0.357 1.945 5.976 -2.577 6.278 0.020 0.357 -1.167
0.398 2.064 5.924 -2.582 6.276 0.020 0.398 -1.168
0.442 2.181 5.873 -2.555 6.275 0.020 0.442 -1.168
0.487 2.298 5.823 -2.495 6.273 0.020 0.487 -1.168
0.536 2.413 5.775 -2.400 6.271 0.020 0.536 -1.169
0.586 2.528 5.730 -2.269 6.269 0.020 0.586 -1.170
0.639 2.642 5.688 -2.102 6.267 0.020 0.639 -1.170
0.694 2.755 5.650 -1.897 6.264 0.020 0.694 -1.171
0.752 2.867 5.617 -1.654 6.261 0.020 0.752 -1.173
0.811 2.979 5.589 -1.372 6.257 0.020 0.811 -1.174
0.873 3.090 5.568 -1.053 6.254 0.020 0.873 -1.176
0.937 3.201 5.554 -0.695 6.250 0.020 0.937 -1.178
1.003 3.312 5.548 -0.300 6.245 0.020 1.003 -1.180
1.072 3.423 5.551 0.131 6.241 0.020 1.071 -1.183
1.142 3.534 5.563 0.597 6.236 0.020 1.142 -1.186
1.215 3.646 5.585 1.095 6.230 0.020 1.215 -1.190
1.290 3.758 5.617 1.623 6.225 0.020 1.290 -1.194
1.368 3.872 5.661 2.178 6.219 0.020 1.367 -1.199
1.448 3.986 5.716 2.755 6.213 0.020 1.447 -1.204
1.530 4.102 5.783 3.349 6.206 0.020 1.529 -1.210
1.614 4.219 5.862 3.956 6.200 0.020 1.613 -1.217
1.701 4.338 5.953 4.569 6.193 0.020 1.699 -1.224
1.790 4.459 6.057 5.183 6.186 0.020 1.788 -1.233
1.882 4.582 6.173 5.792 6.179 0.020 1.879 -1.242
1.976 4.708 6.300 6.388 6.172 0.020 1.973 -1.252
2.072 4.837 6.440 6.966 6.165 0.020 2.069 -1.263
2.172 4.969 6.590 7.521 6.158 0.020 2.167 -1.275
2.274 5.104 6.751 8.046 6.151 0.020 2.269 -1.288
2.379 5.243 6.922 8.538 6.144 0.020 2.373 -1.302
2.486 5.385 7.102 8.994 6.138 0.020 2.479 -1.317
2.597 5.530 7.290 9.412 6.131 0.020 2.589 -1.334
2.711 5.676 7.306 0.786 6.126 0.020 2.701 -1.351
2.827 5.819 7.143 -8.134 6.120 0.020 2.816 -1.370
2.946 5.959 6.977 -8.297 6.115 0.020 2.933 -1.390
3.068 6.095 6.806 -8.573 6.110 0.020 3.053 -1.410
3.193 6.228 6.627 -8.952 6.107 0.020 3.176 -1.432
3.320 6.356 6.438 -9.424 6.104 0.020 3.301 -1.454
3.449 6.481 6.239 -9.979 6.101 0.020 3.429 -1.478
3.581 6.602 6.026 -10.607 6.100 0.020 3.558 -1.502
3.716 6.718 5.800 -11.302 6.099 0.020 3.691 -1.526
3.852 6.829 5.559 -12.057 6.099 0.020 3.825 -1.551
3.991 6.935 5.302 -12.871 6.100 0.020 3.961 -1.577
4.132 7.035 5.027 -13.742 6.103 0.020 4.100 -1.602
4.274 7.130 4.734 -14.674 6.106 0.020 4.240 -1.627
4.419 7.218 4.420 -15.669 6.110 0.020 4.382 -1.653
4.565 7.300 4.086 -16.733 6.116 0.020 4.526 -1.677
4.712 7.375 3.728 -17.871 6.122 0.020 4.671 -1.701
4.861 7.442 3.346 -19.088 6.130 0.020 4.818 -1.725
5.011 7.502 2.997 -17.480 6.138 0.020 4.967 -1.747
5.162 7.554 2.622 -18.762 6.148 0.020 5.116 -1.768
5.314 7.597 2.160 -23.075 6.159 0.020 5.267 -1.788
5.467 7.631 1.668 -24.595 6.171 0.020 5.419 -1.806
5.620 7.653 1.145 -26.162 6.183 0.020 5.571 -1.822
5.773 7.665 0.590 -27.748 6.197 0.020 5.723 -1.836
5.926 7.665 0.004 -29.319 6.211 0.020 5.876 -1.848
6.079 7.653 -0.613 -30.835 6.226 0.020 6.029 -1.858
6.232 7.628 -1.258 -32.247 6.242 0.020 6.181 -1.866
6.384 7.589 -1.928 -33.508 6.258 0.020 6.333 -1.871
6.535 7.537 -2.620 -34.567 6.275 0.020 6.484 -1.873
6.684 7.470 -3.327 -35.381 0.009 0.020 6.633 -1.873
6.832 7.389 -4.045 -35.910 0.026 0.020 6.781 -1.871
6.978 7.294 -4.768 -36.129 0.044 0.020 6.927 -1.866
7.121 7.184 -5.489 -36.026 0.061 0.020 7.070 -1.858
7.262 7.060 -6.201 -35.602 0.078 0.020 7.211 -1.848
7.401 6.922 -6.898 -34.875 0.095 0.020 7.349 -1.836
7.536 6.774 -7.416 -25.903 0.112 0.020 7.484 -1.822
7.669 6.620 -7.688 -13.579 0.128 0.020 7.615 -1.807
7.798 6.463 -7.871 -9.141 0.144 0.020 7.743 -1.789
7.924 6.302 -8.027 -7.833 0.159 0.020 7.868 -1.770
8.047 6.139 -8.158 -6.537 0.173 0.020 7.989 -1.750
8.166 5.974 -8.264 -5.280 0.187 0.020 8.107 -1.728
8.283 5.807 -8.345 -4.083 0.201 0.020 8.221 -1.706
8.395 5.639 -8.404 -2.962 0.213 0.020 8.331 -1.683
8.505 5.470 -8.443 -1.929 0.225 0.020 8.438 -1.659
8.611 5.301 -8.463 -0.990 0.237 0.020 8.541 -1.635
8.713 5.132 -8.466 -0.147 0.247 0.020 8.641 -1.610
8.813 4.962 -8.454 0.600 0.257 0.020 8.737 -1.585
8.908 4.794 -8.429 1.254 0.267 0.020 8.829 -1.560
9.001 4.626 -8.392 1.820 0.275 0.020 8.918 -1.536
9.090 4.459 -8.346 2.304 0.284 0.020 9.004 -1.511
9.176 4.293 -8.292 2.714 0.291 0.020 9.086 -1.487
9.259 4.129 -8.231 3.057 0.298 0.020 9.165 -1.463
9.338 3.965 -8.164 3.339 0.304 0.020 9.241 -1.439
9.414 3.804 -8.093 3.568 0.310 0.020 9.314 -1.416
9.487 3.643 -8.018 3.749 0.315 0.020 9.383 -1.394
9.557 3.484 -7.940 3.888 0.319 0.020 9.449 -1.372
9.623 3.327 -7.860 3.990 0.324 0.020 9.512 -1.351
9.687 3.172 -7.779 4.060 0.327 0.020 9.573 -1.331
9.747 3.018 -7.697 4.100 0.331 0.020 9.630 -1.311
9.804 2.865 -7.615 4.113 0.334 0.020 9.684 -1.293
9.858 2.715 -7.533 4.102 0.336 0.020 9.735 -1.275
9.910 2.566 -7.451 4.069 0.338 0.020 9.783 -1.258
9.958 2.418 -7.371 4.015 0.340 0.020 9.829 -1.242
10.004 2.272 -7.292 3.941 0.342 0.020 9.872 -1.227
10.046 2.128 -7.215 3.848 0.343 0.020 9.912 -1.212
10.086 1.985 -7.140 3.737 0.345 0.020 9.949 -1.199
10.123 1.844 -7.068 3.607 0.346 0.020 9.984 -1.186
10.157 1.704 -6.999 3.460 0.346 0.020 10.016 -1.175
10.188 1.565 -6.933 3.295 0.347 0.020 10.046 -1.164
10.217 1.428 -6.871 3.114 0.348 0.020 10.072 -1.154
10.243 1.292 -6.813 2.916 0.348 0.020 10.097 -1.146
10.266 1.156 -6.758 2.702 0.348 0.020 10.118 -1.138
10.286 1.025 -6.571 9.387 0.349 0.020 10.138 -1.131
10.304 0.901 -6.196 18.713 0.349 0.020 10.155 -1.125
10.320 0.786 -5.775 21.071 0.349 0.020 10.169 -1.119
10.333 0.678 -5.361 20.722 0.349 0.020 10.182 -1.115
10.345 0.579 -4.952 20.411 0.349 0.020 10.193 -1.111
10.355 0.488 -4.550 20.140 0.349 0.020 10.202 -1.107
10.363 0.405 -4.152 19.905 0.349 0.020 10.210 -1.104
10.370 0.330 -3.757 19.705 0.349 0.020 10.216 -1.102
10.375 0.263 -3.367 19.539 0.349 0.020 10.221 -1.100
10.379 0.203 -2.979 19.403 0.349 0.020 10.225 -1.099
10.382 0.151 -2.593 19.296 0.349 0.020 10.228 -1.098
10.384 0.107 -2.208 19.214 0.349 0.020 10.230 -1.097
10.385 0.071 -1.825 19.154 0.349 0.020 10.231 -1.097
10.386 0.042 -1.443 19.112 0.349 0.020 10.232 -1.097
10.387 0.021 -1.061 19.086 0.349 0.020 10.232 -1.096
10.387 0.007 -0.680 19.072 0.349 0.020 10.232 -1.096
10.387 0.001 -0.299 19.065 0.349 0.020 10.232 -1.096
10.387 0.000 -0.054 12.231 0.349 0.020 10.232 -1.096
