BLUELeftGear
135
0.000 0.017 0.867 43.342 0.000 0.020 0.000 1.167
0.001 0.035 0.867 -0.002 0.000 0.020 0.001 1.167
0.002 0.078 2.167 65.002 0.000 0.020 0.002 1.167
0.005 0.139 3.033 43.308 0.000 0.020 0.005 1.167
0.010 0.217 3.898 43.264 0.000 0.020 0.010 1.167
0.016 0.312 4.762 43.192 0.000 0.020 0.016 1.167
0.024 0.424 5.624 43.086 0.000 0.020 0.024 1.167
0.035 0.554 6.483 42.938 0.000 0.020 0.035 1.167
0.049 0.692 6.905 21.121 0.000 0.020 0.049 1.167
0.066 0.830 6.892 -0.664 0.000 0.020 0.066 1.167
0.085 0.967 6.876 -0.794 0.000 0.020 0.085 1.167
0.107 1.105 6.857 -0.921 0.000 0.020 0.107 1.167
0.132 1.241 6.837 -1.047 0.000 0.020 0.132 1.167
0.160 1.378 6.813 -1.170 0.001 0.020 0.160 1.167
0.190 1.513 6.787 -1.292 0.001 0.020 0.190 1.167
0.223 1.649 6.759 -1.412 0.001 0.020 0.223 1.167
0.258 1.783 6.728 -1.529 0.001 0.020 0.258 1.167
0.297 1.917 6.696 -1.645 0.002 0.020 0.297 1.167
0.338 2.050 6.660 -1.760 0.002 0.020 0.338 1.167
0.381 2.183 6.623 -1.873 0.003 0.020 0.381 1.167
0.428 2.314 6.583 -1.985 0.004 0.020 0.428 1.167
0.477 2.445 6.541 -2.098 0.005 0.020 0.477 1.167
0.528 2.575 6.497 -2.210 0.006 0.020 0.528 1.168
0.582 2.704 6.451 -2.324 0.007 0.020 0.582 1.168
0.639 2.832 6.402 -2.439 0.008 0.020 0.639 1.168
0.698 2.959 6.351 -2.557 0.010 0.020 0.698 1.169
0.760 3.085 6.297 -2.678 0.012 0.020 0.760 1.170
0.824 3.210 6.241 -2.803 0.014 0.020 0.824 1.170
0.891 3.334 6.182 -2.933 0.016 0.020 0.891 1.171
0.960 3.456 6.121 -3.069 0.018 0.020 0.960 1.173
1.031 3.577 6.057 -3.212 0.021 0.020 1.031 1.174
1.105 3.697 5.989 -3.363 0.024 0.020 1.105 1.176
1.182 3.815 5.919 -3.523 0.028 0.020 1.181 1.178
1.260 3.932 5.845 -3.693 0.032 0.020 1.260 1.180
1.341 4.048 5.768 -3.873 0.036 0.020 1.341 1.183
1.424 4.161 5.686 -4.064 0.041 0.020 1.424 1.186
1.510 4.273 5.601 -4.267 0.046 0.020 1.510 1.190
1.598 4.384 5.511 -4.483 0.052 0.020 1.597 1.194
1.687 4.492 5.417 -4.710 0.058 0.020 1.687 1.199
1.779 4.598 5.318 -4.948 0.065 0.020 1.779 1.205
1.873 4.703 5.214 -5.196 0.072 0.020 1.872 1.211
1.969 4.805 5.105 -5.453 0.080 0.020 1.968 1.218
2.068 4.904 4.991 -5.716 0.089 0.020 2.066 1.227
2.168 5.002 4.871 -5.980 0.098 0.020 2.166 1.236
2.270 5.097 4.747 -6.240 0.108 0.020 2.267 1.246
2.373 5.189 4.617 -6.489 0.119 0.020 2.370 1.258
2.479 5.279 4.482 -6.717 0.131 0.020 2.475 1.271
2.586 5.366 4.344 -6.912 0.144 0.020 2.581 1.286
2.695 5.450 4.203 -7.058 0.157 0.020 2.689 1.302
2.806 5.531 4.060 -7.138 0.172 0.020 2.798 1.321
2.918 5.609 3.918 -7.127 0.187 0.020 2.908 1.341
3.032 5.685 3.778 -6.998 0.204 0.020 3.020 1.363
3.147 5.758 3.643 -6.721 0.222 0.020 3.133 1.387
3.263 5.828 3.518 -6.257 0.241 0.020 3.246 1.414
3.381 5.896 3.407 -5.569 0.261 0.020 3.360 1.443
3.501 5.963 3.315 -4.615 0.282 0.020 3.475 1.475
3.621 6.027 3.248 -3.353 0.305 0.020 3.590 1.510
3.743 6.092 3.213 -1.747 0.329 0.020 3.706 1.548
3.866 6.156 3.217 0.232 0.354 0.020 3.822 1.589
3.991 6.221 3.269 2.597 0.381 0.020 3.938 1.634
4.116 6.282 3.032 -11.844 0.408 0.020 4.054 1.682
4.243 6.333 2.523 -25.451 0.437 0.020 4.170 1.734
4.370 6.374 2.092 -21.554 0.467 0.020 4.285 1.790
4.498 6.409 1.734 -17.928 0.497 0.020 4.398 1.849
4.627 6.438 1.438 -14.801 0.528 0.020 4.510 1.912
4.756 6.462 1.190 -12.394 0.559 0.020 4.621 1.979
4.886 6.477 0.783 -20.351 0.591 0.020 4.730 2.050
5.016 6.478 0.045 -36.879 0.622 0.020 4.836 2.123
5.145 6.468 -0.522 -28.376 0.653 0.020 4.940 2.200
5.274 6.452 -0.792 -13.477 0.683 0.020 5.041 2.280
5.403 6.430 -1.118 -16.288 0.712 0.020 5.140 2.363
5.531 6.399 -1.512 -19.710 0.741 0.020 5.236 2.448
5.658 6.360 -1.982 -23.515 0.768 0.020 5.328 2.535
5.784 6.309 -2.532 -27.477 0.794 0.020 5.418 2.624
5.909 6.250 -2.962 -21.490 0.818 0.020 5.504 2.714
6.033 6.188 -3.102 -7.032 0.842 0.020 5.588 2.805
6.155 6.125 -3.133 -1.551 0.864 0.020 5.669 2.898
6.276 6.061 -3.200 -3.323 0.885 0.020 5.746 2.991
6.396 5.995 -3.294 -4.714 0.904 0.020 5.821 3.084
6.515 5.927 -3.409 -5.767 0.922 0.020 5.894 3.178
6.632 5.856 -3.540 -6.525 0.940 0.020 5.964 3.272
6.748 5.783 -3.680 -7.034 0.956 0.020 6.031 3.366
6.862 5.706 -3.827 -7.338 0.971 0.020 6.096 3.459
6.974 5.627 -3.977 -7.478 0.985 0.020 6.159 3.553
7.085 5.544 -4.127 -7.489 0.998 0.020 6.220 3.646
7.194 5.459 -4.275 -7.401 1.010 0.020 6.279 3.738
7.302 5.370 -4.419 -7.239 1.021 0.020 6.335 3.829
7.407 5.279 -4.560 -7.024 1.031 0.020 6.390 3.919
7.511 5.185 -4.695 -6.774 1.041 0.020 6.443 4.008
7.613 5.089 -4.825 -6.502 1.050 0.020 6.494 4.096
7.713 4.990 -4.950 -6.217 1.058 0.020 6.543 4.183
7.810 4.888 -5.068 -5.929 1.066 0.020 6.591 4.269
7.906 4.785 -5.181 -5.643 1.073 0.020 6.637 4.352
8.000 4.679 -5.288 -5.363 1.079 0.020 6.681 4.435
8.091 4.571 -5.390 -5.093 1.085 0.020 6.724 4.516
8.180 4.461 -5.487 -4.834 1.090 0.020 6.766 4.595
8.267 4.350 -5.579 -4.587 1.095 0.020 6.806 4.672
8.352 4.236 -5.666 -4.354 1.100 0.020 6.844 4.747
8.434 4.121 -5.748 -4.134 1.104 0.020 6.882 4.821
8.514 4.005 -5.827 -3.927 1.108 0.020 6.917 4.892
8.592 3.887 -5.902 -3.732 1.111 0.020 6.952 4.962
8.668 3.767 -5.973 -3.549 1.114 0.020 6.985 5.030
8.741 3.647 -6.040 -3.378 1.117 0.020 7.017 5.095
8.811 3.524 -6.104 -3.217 1.119 0.020 7.048 5.158
8.879 3.401 -6.166 -3.064 1.121 0.020 7.078 5.220
8.945 3.277 -6.224 -2.921 1.123 0.020 7.106 5.279
9.008 3.151 -6.280 -2.784 1.125 0.020 7.134 5.336
9.068 3.024 -6.333 -2.654 1.127 0.020 7.160 5.390
9.126 2.897 -6.384 -2.530 1.128 0.020 7.184 5.442
9.181 2.768 -6.432 -2.410 1.129 0.020 7.208 5.493
9.234 2.639 -6.478 -2.294 1.130 0.020 7.231 5.540
9.284 2.508 -6.521 -2.181 1.131 0.020 7.252 5.586
9.332 2.377 -6.563 -2.070 1.132 0.020 7.272 5.629
9.377 2.245 -6.602 -1.962 1.132 0.020 7.291 5.669
9.419 2.112 -6.639 -1.854 1.133 0.020 7.309 5.708
9.459 1.979 -6.674 -1.747 1.133 0.020 7.326 5.743
9.495 1.844 -6.707 -1.640 1.133 0.020 7.342 5.777
9.530 1.710 -6.737 -1.533 1.134 0.020 7.356 5.808
9.561 1.574 -6.766 -1.425 1.134 0.020 7.369 5.836
9.590 1.439 -6.792 -1.317 1.134 0.020 7.382 5.862
9.616 1.302 -6.816 -1.207 1.134 0.020 7.393 5.886
9.639 1.165 -6.838 -1.097 1.134 0.020 7.403 5.907
9.660 1.028 -6.858 -0.985 1.134 0.020 7.411 5.926
9.678 0.891 -6.875 -0.872 1.134 0.020 7.419 5.942
9.693 0.753 -6.891 -0.757 1.134 0.020 7.425 5.956
9.705 0.615 -6.903 -0.642 1.134 0.020 7.430 5.967
9.715 0.481 -6.671 11.598 1.134 0.020 7.434 5.975
9.722 0.361 -6.004 33.389 1.134 0.020 7.437 5.982
9.727 0.259 -5.142 43.060 1.134 0.020 7.440 5.987
9.730 0.173 -4.279 43.170 1.134 0.020 7.441 5.990
9.733 0.105 -3.414 43.247 1.134 0.020 7.442 5.992
9.734 0.054 -2.548 43.296 1.134 0.020 7.442 5.993
9.734 0.020 -1.682 43.324 1.134 0.020 7.443 5.993
9.734 0.004 -0.815 43.337 1.134 0.020 7.443 5.993
9.734 0.000 -0.191 31.208 1.134 0.020 7.443 5.993
0.000 0.017 0.867 43.342 0.000 0.020 0.000 -1.167
0.001 0.035 0.867 0.002 0.000 0.020 0.001 -1.167
0.002 0.078 2.167 65.023 0.000 0.020 0.002 -1.167
0.005 0.139 3.035 43.376 0.000 0.020 0.005 -1.167
0.010 0.217 3.903 43.419 0.000 0.020 0.010 -1.167
0.016 0.312 4.773 43.491 0.000 0.020 0.016 -1.167
0.024 0.425 5.645 43.598 0.000 0.020 0.024 -1.167
0.035 0.556 6.520 43.745 0.000 0.020 0.035 -1.167
0.049 0.695 6.964 22.220 0.000 0.020 0.049 -1.167
0.066 0.834 6.978 0.664 0.000 0.020 0.066 -1.167
0.085 0.974 6.993 0.794 0.000 0.020 0.085 -1.167
0.108 1.114 7.012 0.921 0.000 0.020 0.108 -1.167
0.133 1.255 7.033 1.047 0.000 0.020 0.133 -1.167
0.161 1.396 7.056 1.170 0.001 0.020 0.161 -1.167
0.192 1.538 7.082 1.292 0.001 0.020 0.192 -1.167
0.225 1.680 7.110 1.412 0.001 0.020 0.225 -1.167
0.262 1.823 7.141 1.529 0.001 0.020 0.262 -1.167
0.301 1.966 7.174 1.645 0.002 0.020 0.301 -1.166
0.343 2.111 7.209 1.760 0.002 0.020 0.343 -1.166
0.388 2.256 7.246 1.873 0.003 0.020 0.388 -1.166
0.436 2.401 7.286 1.985 0.004 0.020 0.436 -1.166
0.487 2.548 7.328 2.098 0.005 0.020 0.487 -1.166
0.541 2.695 7.372 2.210 0.006 0.020 0.541 -1.166
0.598 2.844 7.419 2.324 0.007 0.020 0.598 -1.165
0.658 2.993 7.468 2.439 0.008 0.020 0.658 -1.165
0.721 3.143 7.519 2.557 0.010 0.020 0.721 -1.164
0.787 3.295 7.572 2.678 0.012 0.020 0.787 -1.164
0.856 3.447 7.628 2.803 0.014 0.020 0.856 -1.163
0.928 3.601 7.687 2.933 0.016 0.020 0.928 -1.162
1.003 3.756 7.748 3.069 0.018 0.020 1.003 -1.160
1.081 3.912 7.813 3.212 0.021 0.020 1.081 -1.159
1.162 4.070 7.880 3.363 0.024 0.020 1.162 -1.157
1.247 4.229 7.950 3.523 0.028 0.020 1.247 -1.155
1.335 4.389 8.024 3.692 0.032 0.020 1.335 -1.152
1.426 4.551 8.102 3.872 0.036 0.020 1.426 -1.149
1.520 4.715 8.183 4.064 0.041 0.020 1.520 -1.145
1.618 4.880 8.268 4.267 0.046 0.020 1.617 -1.141
1.719 5.048 8.358 4.482 0.052 0.020 1.718 -1.136
1.823 5.217 8.452 4.708 0.058 0.020 1.822 -1.130
1.931 5.388 8.551 4.946 0.065 0.020 1.930 -1.124
2.042 5.561 8.655 5.195 0.072 0.020 2.041 -1.116
2.157 5.736 8.764 5.451 0.080 0.020 2.155 -1.107
2.275 5.914 8.878 5.713 0.089 0.020 2.273 -1.098
2.397 6.094 8.998 5.977 0.098 0.020 2.394 -1.086
2.522 6.276 9.122 6.237 0.108 0.020 2.519 -1.073
2.652 6.461 9.252 6.485 0.119 0.020 2.648 -1.059
2.785 6.649 9.386 6.713 0.131 0.020 2.780 -1.042
2.921 6.839 9.524 6.907 0.144 0.020 2.915 -1.023
3.062 7.033 9.666 7.053 0.157 0.020 3.054 -1.002
3.207 7.229 9.808 7.132 0.172 0.020 3.197 -0.979
3.355 7.428 9.951 7.121 0.187 0.020 3.343 -0.952
3.508 7.630 10.090 6.991 0.204 0.020 3.493 -0.922
3.664 7.834 10.225 6.713 0.222 0.020 3.646 -0.889
3.825 8.041 10.350 6.249 0.241 0.020 3.802 -0.852
3.990 8.250 10.461 5.561 0.261 0.020 3.962 -0.811
4.159 8.461 10.553 4.606 0.282 0.020 4.125 -0.766
4.333 8.674 10.620 3.344 0.305 0.020 4.291 -0.716
4.511 8.887 10.655 1.738 0.329 0.020 4.460 -0.660
4.693 9.100 10.650 -0.241 0.354 0.020 4.632 -0.599
4.879 9.312 10.598 -2.604 0.381 0.020 4.805 -0.533
5.069 9.511 9.968 -31.499 0.408 0.020 4.981 -0.459
5.263 9.686 8.743 -61.226 0.437 0.020 5.158 -0.380
5.459 9.835 7.441 -65.118 0.467 0.020 5.335 -0.294
5.659 9.956 6.066 -68.739 0.497 0.020 5.511 -0.202
5.860 10.049 4.629 -71.862 0.528 0.020 5.686 -0.103
6.062 10.112 3.144 -74.265 0.559 0.020 5.859 0.001
6.265 10.138 1.332 -90.569 0.591 0.020 6.029 0.112
6.467 10.118 -1.015 -117.378 0.622 0.020 6.196 0.227
6.668 10.057 -3.048 -101.618 0.653 0.020 6.357 0.347
6.867 9.967 -4.511 -73.183 0.683 0.020 6.514 0.470
7.064 9.848 -5.919 -70.376 0.712 0.020 6.665 0.597
7.258 9.703 -7.258 -66.959 0.741 0.020 6.810 0.726
7.449 9.533 -8.521 -63.158 0.768 0.020 6.949 0.856
7.636 9.339 -9.705 -59.202 0.794 0.020 7.081 0.988
7.818 9.128 -10.524 -40.927 0.818 0.020 7.208 1.119
7.997 8.913 -10.765 -12.050 0.842 0.020 7.328 1.251
8.171 8.698 -10.734 1.542 0.864 0.020 7.443 1.382
8.340 8.485 -10.668 3.313 0.885 0.020 7.551 1.512
8.506 8.273 -10.574 4.705 0.904 0.020 7.655 1.641
8.667 8.064 -10.459 5.757 0.922 0.020 7.754 1.769
8.824 7.858 -10.328 6.516 0.940 0.020 7.847 1.895
8.977 7.654 -10.188 7.026 0.956 0.020 7.937 2.019
9.126 7.453 -10.041 7.331 0.971 0.020 8.022 2.142
9.272 7.255 -9.892 7.471 0.985 0.020 8.103 2.262
9.413 7.060 -9.742 7.483 0.998 0.020 8.180 2.380
9.550 6.869 -9.594 7.395 1.010 0.020 8.254 2.496
9.684 6.680 -9.449 7.234 1.021 0.020 8.325 2.609
9.814 6.493 -9.309 7.020 1.031 0.020 8.392 2.720
9.940 6.310 -9.174 6.770 1.041 0.020 8.456 2.829
10.062 6.129 -9.044 6.498 1.050 0.020 8.518 2.935
10.181 5.951 -8.919 6.215 1.058 0.020 8.576 3.039
10.297 5.775 -8.801 5.927 1.066 0.020 8.633 3.139
10.409 5.601 -8.688 5.641 1.073 0.020 8.687 3.238
10.517 5.429 -8.581 5.361 1.079 0.020 8.738 3.333
10.623 5.260 -8.479 5.091 1.085 0.020 8.788 3.426
10.724 5.092 -8.382 4.832 1.090 0.020 8.835 3.516
10.823 4.926 -8.291 4.586 1.095 0.020 8.880 3.604
10.918 4.762 -8.204 4.353 1.100 0.020 8.924 3.689
11.010 4.600 -8.121 4.133 1.104 0.020 8.965 3.771
11.099 4.439 -8.042 3.926 1.108 0.020 9.005 3.850
11.185 4.279 -7.968 3.732 1.111 0.020 9.043 3.927
11.267 4.122 -7.897 3.549 1.114 0.020 9.080 4.000
11.346 3.965 -7.829 3.378 1.117 0.020 9.114 4.072
11.423 3.810 -7.765 3.216 1.119 0.020 9.148 4.140
11.496 3.656 -7.704 3.064 1.121 0.020 9.180 4.206
11.566 3.503 -7.645 2.920 1.123 0.020 9.210 4.269
11.633 3.351 -7.590 2.784 1.125 0.020 9.239 4.330
11.697 3.200 -7.536 2.654 1.127 0.020 9.266 4.387
11.758 3.050 -7.486 2.530 1.128 0.020 9.293 4.443
11.816 2.902 -7.438 2.410 1.129 0.020 9.317 4.495
11.871 2.754 -7.392 2.294 1.130 0.020 9.341 4.545
11.923 2.607 -7.348 2.181 1.131 0.020 9.363 4.592
11.972 2.461 -7.307 2.070 1.132 0.020 9.384 4.636
12.018 2.315 -7.268 1.961 1.132 0.020 9.404 4.678
12.062 2.171 -7.230 1.854 1.133 0.020 9.422 4.718
12.102 2.027 -7.196 1.747 1.133 0.020 9.439 4.754
12.140 1.884 -7.163 1.640 1.133 0.020 9.455 4.789
12.175 1.741 -7.132 1.533 1.134 0.020 9.470 4.820
12.207 1.599 -7.104 1.425 1.134 0.020 9.484 4.849
12.236 1.457 -7.077 1.317 1.134 0.020 9.496 4.875
12.262 1.316 -7.053 1.207 1.134 0.020 9.507 4.899
12.286 1.176 -7.031 1.097 1.134 0.020 9.517 4.921
12.307 1.035 -7.011 0.985 1.134 0.020 9.526 4.939
12.325 0.896 -6.994 0.872 1.134 0.020 9.533 4.956
12.340 0.756 -6.979 0.757 1.134 0.020 9.540 4.969
12.352 0.617 -6.966 0.642 1.134 0.020 9.545 4.981
12.362 0.482 -6.713 12.669 1.134 0.020 9.549 4.989
12.369 0.362 -6.028 34.220 1.134 0.020 9.552 4.996
12.374 0.259 -5.156 43.624 1.134 0.020 9.554 5.001
12.377 0.173 -4.286 43.513 1.134 0.020 9.556 5.004
12.380 0.105 -3.417 43.437 1.134 0.020 9.557 5.006
12.381 0.054 -2.549 43.387 1.134 0.020 9.557 5.007
12.381 0.020 -1.682 43.359 1.134 0.020 9.557 5.007
12.381 0.004 -0.815 43.346 1.134 0.020 9.557 5.007
12.381 0.000 -0.191 31.209 1.134 0.020 9.557 5.007
