CenterGear
133
0.000 0.008 0.379 18.975 0.000 0.020 0.000 1.167
0.000 0.015 0.379 -0.000 0.000 0.020 0.000 1.167
0.001 0.034 0.949 28.462 0.000 0.020 0.001 1.167
0.002 0.061 1.328 18.975 0.000 0.020 0.002 1.167
0.004 0.095 1.708 18.975 0.000 0.020 0.004 1.167
0.007 0.137 2.087 18.975 0.000 0.020 0.007 1.167
0.011 0.186 2.467 18.975 0.000 0.020 0.011 1.167
0.015 0.243 2.846 18.975 0.000 0.020 0.015 1.167
0.022 0.307 3.226 18.975 0.000 0.020 0.022 1.167
0.029 0.379 3.605 18.975 0.000 0.020 0.029 1.167
0.038 0.459 3.985 18.975 0.000 0.020 0.038 1.167
0.049 0.546 4.364 18.975 0.000 0.020 0.049 1.167
0.062 0.641 4.744 18.975 0.000 0.020 0.062 1.167
0.077 0.744 5.123 18.975 0.000 0.020 0.077 1.167
0.094 0.854 5.503 18.975 0.000 0.020 0.094 1.167
0.114 0.972 5.882 18.975 0.000 0.020 0.114 1.167
0.135 1.097 6.262 18.975 0.000 0.020 0.135 1.167
0.160 1.226 6.451 9.487 0.000 0.020 0.160 1.167
0.187 1.355 6.451 -0.000 0.000 0.020 0.187 1.167
0.217 1.484 6.451 -0.000 0.000 0.020 0.217 1.167
0.249 1.613 6.451 0.000 0.000 0.020 0.249 1.167
0.284 1.742 6.451 -0.000 0.000 0.020 0.284 1.167
0.321 1.871 6.451 -0.000 0.000 0.020 0.321 1.167
0.361 2.000 6.451 0.000 0.000 0.020 0.361 1.167
0.404 2.129 6.451 0.000 0.000 0.020 0.404 1.167
0.449 2.258 6.451 0.000 0.000 0.020 0.449 1.167
0.497 2.387 6.451 -0.000 0.000 0.020 0.497 1.167
0.547 2.516 6.451 0.000 0.000 0.020 0.547 1.167
0.600 2.645 6.451 0.000 0.000 0.020 0.600 1.167
0.655 2.774 6.451 -0.000 0.000 0.020 0.655 1.167
0.714 2.903 6.451 0.000 0.000 0.020 0.714 1.167
0.774 3.032 6.451 -0.000 0.000 0.020 0.774 1.167
0.837 3.161 6.451 -0.000 0.000 0.020 0.837 1.167
0.903 3.290 6.451 0.000 0.000 0.020 0.903 1.167
0.972 3.419 6.451 0.000 0.000 0.020 0.972 1.167
1.043 3.548 6.451 0.000 0.000 0.020 1.043 1.167
1.116 3.677 6.451 -0.000 0.000 0.020 1.116 1.167
1.192 3.806 6.451 0.000 0.000 0.020 1.192 1.167
1.271 3.935 6.451 0.000 0.000 0.020 1.271 1.167
1.352 4.064 6.451 0.000 0.000 0.020 1.352 1.167
1.436 4.193 6.451 -0.000 0.000 0.020 1.436 1.167
1.523 4.322 6.451 0.000 0.000 0.020 1.523 1.167
1.612 4.452 6.451 -0.000 0.000 0.020 1.612 1.167
1.703 4.581 6.451 0.000 0.000 0.020 1.703 1.167
1.797 4.710 6.451 -0.000 0.000 0.020 1.797 1.167
1.894 4.839 6.451 -0.000 0.000 0.020 1.894 1.167
1.994 4.968 6.451 0.000 0.000 0.020 1.994 1.167
2.095 5.097 6.451 -0.000 0.000 0.020 2.095 1.167
2.200 5.226 6.451 -0.000 0.000 0.020 2.200 1.167
2.307 5.355 6.451 -0.000 0.000 0.020 2.307 1.167
2.417 5.480 6.262 -9.487 0.000 0.020 2.417 1.167
2.529 5.598 5.882 -18.975 0.000 0.020 2.529 1.167
2.643 5.708 5.503 -18.975 0.000 0.020 2.643 1.167
2.759 5.810 5.123 -18.975 0.000 0.020 2.759 1.167
2.877 5.905 4.744 -18.975 0.000 0.020 2.877 1.167
2.997 5.992 4.364 -18.975 0.000 0.020 2.997 1.167
3.118 6.072 3.985 -18.975 0.000 0.020 3.118 1.167
3.241 6.144 3.605 -18.975 0.000 0.020 3.241 1.167
3.365 6.209 3.226 -18.975 0.000 0.020 3.365 1.167
3.491 6.266 2.846 -18.975 0.000 0.020 3.491 1.167
3.617 6.315 2.467 -18.975 0.000 0.020 3.617 1.167
3.744 6.357 2.087 -18.975 0.000 0.020 3.744 1.167
3.872 6.391 1.708 -18.975 0.000 0.020 3.872 1.167
4.000 6.417 1.328 -18.975 0.000 0.020 4.000 1.167
4.129 6.436 0.949 -18.975 0.000 0.020 4.129 1.167
4.258 6.447 0.546 -20.146 0.000 0.020 4.258 1.167
4.387 6.446 -0.047 -29.633 0.000 0.020 4.387 1.167
4.516 6.434 -0.616 -28.462 0.000 0.020 4.516 1.167
4.644 6.414 -0.996 -18.975 0.000 0.020 4.644 1.167
4.772 6.387 -1.375 -18.975 0.000 0.020 4.772 1.167
4.899 6.351 -1.755 -18.975 0.000 0.020 4.899 1.167
5.025 6.309 -2.134 -18.975 0.000 0.020 5.025 1.167
5.150 6.258 -2.514 -18.975 0.000 0.020 5.150 1.167
5.274 6.201 -2.893 -18.975 0.000 0.020 5.274 1.167
5.397 6.135 -3.273 -18.975 0.000 0.020 5.397 1.167
5.518 6.062 -3.652 -18.975 0.000 0.020 5.518 1.167
5.638 5.981 -4.032 -18.975 0.000 0.020 5.638 1.167
5.755 5.893 -4.411 -18.975 0.000 0.020 5.755 1.167
5.871 5.797 -4.791 -18.975 0.000 0.020 5.871 1.167
5.985 5.694 -5.170 -18.975 0.000 0.020 5.985 1.167
6.097 5.583 -5.550 -18.975 0.000 0.020 6.097 1.167
6.206 5.464 -5.929 -18.975 0.000 0.020 6.206 1.167
6.313 5.339 -6.285 -17.804 0.000 0.020 6.313 1.167
6.417 5.210 -6.451 -8.317 0.000 0.020 6.417 1.167
6.519 5.081 -6.451 0.000 0.000 0.020 6.519 1.167
6.618 4.952 -6.451 -0.000 0.000 0.020 6.618 1.167
6.714 4.823 -6.451 0.000 0.000 0.020 6.714 1.167
6.808 4.694 -6.451 0.000 0.000 0.020 6.808 1.167
6.899 4.565 -6.451 0.000 0.000 0.020 6.899 1.167
6.988 4.436 -6.451 -0.000 0.000 0.020 6.988 1.167
7.074 4.307 -6.451 0.000 0.000 0.020 7.074 1.167
7.158 4.178 -6.451 0.000 0.000 0.020 7.158 1.167
7.239 4.048 -6.451 -0.000 0.000 0.020 7.239 1.167
7.317 3.919 -6.451 0.000 0.000 0.020 7.317 1.167
7.393 3.790 -6.451 0.000 0.000 0.020 7.393 1.167
7.466 3.661 -6.451 -0.000 0.000 0.020 7.466 1.167
7.537 3.532 -6.451 0.000 0.000 0.020 7.537 1.167
7.605 3.403 -6.451 0.000 0.000 0.020 7.605 1.167
7.670 3.274 -6.451 -0.000 0.000 0.020 7.670 1.167
7.733 3.145 -6.451 0.000 0.000 0.020 7.733 1.167
7.794 3.016 -6.451 0.000 0.000 0.020 7.794 1.167
7.851 2.887 -6.451 -0.000 0.000 0.020 7.851 1.167
7.907 2.758 -6.451 0.000 0.000 0.020 7.907 1.167
7.959 2.629 -6.451 -0.000 0.000 0.020 7.959 1.167
8.009 2.500 -6.451 -0.000 0.000 0.020 8.009 1.167
8.057 2.371 -6.451 0.000 0.000 0.020 8.057 1.167
8.101 2.242 -6.451 0.000 0.000 0.020 8.101 1.167
8.144 2.113 -6.451 -0.000 0.000 0.020 8.144 1.167
8.183 1.984 -6.451 0.000 0.000 0.020 8.183 1.167
8.220 1.855 -6.451 0.000 0.000 0.020 8.220 1.167
8.255 1.726 -6.451 0.000 0.000 0.020 8.255 1.167
8.287 1.597 -6.451 -0.000 0.000 0.020 8.287 1.167
8.316 1.468 -6.451 0.000 0.000 0.020 8.316 1.167
8.343 1.339 -6.451 -0.000 0.000 0.020 8.343 1.167
8.367 1.210 -6.451 0.000 0.000 0.020 8.367 1.167
8.389 1.081 -6.428 1.171 0.000 0.020 8.389 1.167
8.408 0.957 -6.215 10.658 0.000 0.020 8.408 1.167
8.425 0.840 -5.835 18.975 0.000 0.020 8.425 1.167
8.439 0.731 -5.456 18.975 0.000 0.020 8.439 1.167
8.452 0.630 -5.076 18.975 0.000 0.020 8.452 1.167
8.463 0.536 -4.697 18.975 0.000 0.020 8.463 1.167
8.472 0.449 -4.317 18.975 0.000 0.020 8.472 1.167
8.479 0.371 -3.938 18.975 0.000 0.020 8.479 1.167
8.485 0.299 -3.558 18.975 0.000 0.020 8.485 1.167
8.490 0.236 -3.179 18.975 0.000 0.020 8.490 1.167
8.493 0.180 -2.799 18.975 0.000 0.020 8.493 1.167
8.496 0.131 -2.420 18.975 0.000 0.020 8.496 1.167
8.498 0.091 -2.040 18.975 0.000 0.020 8.498 1.167
8.499 0.057 -1.661 18.975 0.000 0.020 8.499 1.167
8.500 0.032 -1.281 18.975 0.000 0.020 8.500 1.167
8.500 0.014 -0.902 18.975 0.000 0.020 8.500 1.167
8.500 0.003 -0.522 18.975 0.000 0.020 8.500 1.167
8.500 0.000 -0.166 17.804 0.000 0.020 8.500 1.167
0.000 0.008 0.379 18.975 0.000 0.020 0.000 -1.167
0.000 0.015 0.379 -0.000 0.000 0.020 0.000 -1.167
0.001 0.034 0.949 28.462 0.000 0.020 0.001 -1.167
0.002 0.061 1.328 18.975 0.000 0.020 0.002 -1.167
0.004 0.095 1.708 18.975 0.000 0.020 0.004 -1.167
0.007 0.137 2.087 18.975 0.000 0.020 0.007 -1.167
0.011 0.186 2.467 18.975 0.000 0.020 0.011 -1.167
0.015 0.243 2.846 18.975 0.000 0.020 0.015 -1.167
0.022 0.307 3.226 18.975 0.000 0.020 0.022 -1.167
0.029 0.379 3.605 18.975 0.000 0.020 0.029 -1.167
0.038 0.459 3.985 18.975 0.000 0.020 0.038 -1.167
0.049 0.546 4.364 18.975 0.000 0.020 0.049 -1.167
0.062 0.641 4.744 18.975 0.000 0.020 0.062 -1.167
0.077 0.744 5.123 18.975 0.000 0.020 0.077 -1.167
0.094 0.854 5.503 18.975 0.000 0.020 0.094 -1.167
0.114 0.972 5.882 18.975 0.000 0.020 0.114 -1.167
0.135 1.097 6.262 18.975 0.000 0.020 0.135 -1.167
0.160 1.226 6.451 9.487 0.000 0.020 0.160 -1.167
0.187 1.355 6.451 -0.000 0.000 0.020 0.187 -1.167
0.217 1.484 6.451 -0.000 0.000 0.020 0.217 -1.167
0.249 1.613 6.451 0.000 0.000 0.020 0.249 -1.167
0.284 1.742 6.451 -0.000 0.000 0.020 0.284 -1.167
0.321 1.871 6.451 -0.000 0.000 0.020 0.321 -1.167
0.361 2.000 6.451 0.000 0.000 0.020 0.361 -1.167
0.404 2.129 6.451 0.000 0.000 0.020 0.404 -1.167
0.449 2.258 6.451 0.000 0.000 0.020 0.449 -1.167
0.497 2.387 6.451 -0.000 0.000 0.020 0.497 -1.167
0.547 2.516 6.451 0.000 0.000 0.020 0.547 -1.167
0.600 2.645 6.451 0.000 0.000 0.020 0.600 -1.167
0.655 2.774 6.451 -0.000 0.000 0.020 0.655 -1.167
0.714 2.903 6.451 0.000 0.000 0.020 0.714 -1.167
0.774 3.032 6.451 -0.000 0.000 0.020 0.774 -1.167
0.837 3.161 6.451 -0.000 0.000 0.020 0.837 -1.167
0.903 3.290 6.451 0.000 0.000 0.020 0.903 -1.167
0.972 3.419 6.451 0.000 0.000 0.020 0.972 -1.167
1.043 3.548 6.451 0.000 0.000 0.020 1.043 -1.167
1.116 3.677 6.451 -0.000 0.000 0.020 1.116 -1.167
1.192 3.806 6.451 0.000 0.000 0.020 1.192 -1.167
1.271 3.935 6.451 0.000 0.000 0.020 1.271 -1.167
1.352 4.064 6.451 0.000 0.000 0.020 1.352 -1.167
1.436 4.193 6.451 -0.000 0.000 0.020 1.436 -1.167
1.523 4.322 6.451 0.000 0.000 0.020 1.523 -1.167
1.612 4.452 6.451 -0.000 0.000 0.020 1.612 -1.167
1.703 4.581 6.451 0.000 0.000 0.020 1.703 -1.167
1.797 4.710 6.451 -0.000 0.000 0.020 1.797 -1.167
1.894 4.839 6.451 -0.000 0.000 0.020 1.894 -1.167
1.994 4.968 6.451 0.000 0.000 0.020 1.994 -1.167
2.095 5.097 6.451 -0.000 0.000 0.020 2.095 -1.167
2.200 5.226 6.451 -0.000 0.000 0.020 2.200 -1.167
2.307 5.355 6.451 -0.000 0.000 0.020 2.307 -1.167
2.417 5.480 6.262 -9.487 0.000 0.020 2.417 -1.167
2.529 5.598 5.882 -18.975 0.000 0.020 2.529 -1.167
2.643 5.708 5.503 -18.975 0.000 0.020 2.643 -1.167
2.759 5.810 5.123 -18.975 0.000 0.020 2.759 -1.167
2.877 5.905 4.744 -18.975 0.000 0.020 2.877 -1.167
2.997 5.992 4.364 -18.975 0.000 0.020 2.997 -1.167
3.118 6.072 3.985 -18.975 0.000 0.020 3.118 -1.167
3.241 6.144 3.605 -18.975 0.000 0.020 3.241 -1.167
3.365 6.209 3.226 -18.975 0.000 0.020 3.365 -1.167
3.491 6.266 2.846 -18.975 0.000 0.020 3.491 -1.167
3.617 6.315 2.467 -18.975 0.000 0.020 3.617 -1.167
3.744 6.357 2.087 -18.975 0.000 0.020 3.744 -1.167
3.872 6.391 1.708 -18.975 0.000 0.020 3.872 -1.167
4.000 6.417 1.328 -18.975 0.000 0.020 4.000 -1.167
4.129 6.436 0.949 -18.975 0.000 0.020 4.129 -1.167
4.258 6.447 0.546 -20.146 0.000 0.020 4.258 -1.167
4.387 6.446 -0.047 -29.633 0.000 0.020 4.387 -1.167
4.516 6.434 -0.616 -28.462 0.000 0.020 4.516 -1.167
4.644 6.414 -0.996 -18.975 0.000 0.020 4.644 -1.167
4.772 6.387 -1.375 -18.975 0.000 0.020 4.772 -1.167
4.899 6.351 -1.755 -18.975 0.000 0.020 4.899 -1.167
5.025 6.309 -2.134 -18.975 0.000 0.020 5.025 -1.167
5.150 6.258 -2.514 -18.975 0.000 0.020 5.150 -1.167
5.274 6.201 -2.893 -18.975 0.000 0.020 5.274 -1.167
5.397 6.135 -3.273 -18.975 0.000 0.020 5.397 -1.167
5.518 6.062 -3.652 -18.975 0.000 0.020 5.518 -1.167
5.638 5.981 -4.032 -18.975 0.000 0.020 5.638 -1.167
5.755 5.893 -4.411 -18.975 0.000 0.020 5.755 -1.167
5.871 5.797 -4.791 -18.975 0.000 0.020 5.871 -1.167
5.985 5.694 -5.170 -18.975 0.000 0.020 5.985 -1.167
6.097 5.583 -5.550 -18.975 0.000 0.020 6.097 -1.167
6.206 5.464 -5.929 -18.975 0.000 0.020 6.206 -1.167
6.313 5.339 -6.285 -17.804 0.000 0.020 6.313 -1.167
6.417 5.210 -6.451 -8.317 0.000 0.020 6.417 -1.167
6.519 5.081 -6.451 0.000 0.000 0.020 6.519 -1.167
6.618 4.952 -6.451 -0.000 0.000 0.020 6.618 -1.167
6.714 4.823 -6.451 0.000 0.000 0.020 6.714 -1.167
6.808 4.694 -6.451 0.000 0.000 0.020 6.808 -1.167
6.899 4.565 -6.451 0.000 0.000 0.020 6.899 -1.167
6.988 4.436 -6.451 -0.000 0.000 0.020 6.988 -1.167
7.074 4.307 -6.451 0.000 0.000 0.020 7.074 -1.167
7.158 4.178 -6.451 0.000 0.000 0.020 7.158 -1.167
7.239 4.048 -6.451 -0.000 0.000 0.020 7.239 -1.167
7.317 3.919 -6.451 0.000 0.000 0.020 7.317 -1.167
7.393 3.790 -6.451 0.000 0.000 0.020 7.393 -1.167
7.466 3.661 -6.451 -0.000 0.000 0.020 7.466 -1.167
7.537 3.532 -6.451 0.000 0.000 0.020 7.537 -1.167
7.605 3.403 -6.451 0.000 0.000 0.020 7.605 -1.167
7.670 3.274 -6.451 -0.000 0.000 0.020 7.670 -1.167
7.733 3.145 -6.451 0.000 0.000 0.020 7.733 -1.167
7.794 3.016 -6.451 0.000 0.000 0.020 7.794 -1.167
7.851 2.887 -6.451 -0.000 0.000 0.020 7.851 -1.167
7.907 2.758 -6.451 0.000 0.000 0.020 7.907 -1.167
7.959 2.629 -6.451 -0.000 0.000 0.020 7.959 -1.167
8.009 2.500 -6.451 -0.000 0.000 0.020 8.009 -1.167
8.057 2.371 -6.451 0.000 0.000 0.020 8.057 -1.167
8.101 2.242 -6.451 0.000 0.000 0.020 8.101 -1.167
8.144 2.113 -6.451 -0.000 0.000 0.020 8.144 -1.167
8.183 1.984 -6.451 0.000 0.000 0.020 8.183 -1.167
8.220 1.855 -6.451 0.000 0.000 0.020 8.220 -1.167
8.255 1.726 -6.451 0.000 0.000 0.020 8.255 -1.167
8.287 1.597 -6.451 -0.000 0.000 0.020 8.287 -1.167
8.316 1.468 -6.451 0.000 0.000 0.020 8.316 -1.167
8.343 1.339 -6.451 -0.000 0.000 0.020 8.343 -1.167
8.367 1.210 -6.451 0.000 0.000 0.020 8.367 -1.167
8.389 1.081 -6.428 1.171 0.000 0.020 8.389 -1.167
8.408 0.957 -6.215 10.658 0.000 0.020 8.408 -1.167
8.425 0.840 -5.835 18.975 0.000 0.020 8.425 -1.167
8.439 0.731 -5.456 18.975 0.000 0.020 8.439 -1.167
8.452 0.630 -5.076 18.975 0.000 0.020 8.452 -1.167
8.463 0.536 -4.697 18.975 0.000 0.020 8.463 -1.167
8.472 0.449 -4.317 18.975 0.000 0.020 8.472 -1.167
8.479 0.371 -3.938 18.975 0.000 0.020 8.479 -1.167
8.485 0.299 -3.558 18.975 0.000 0.020 8.485 -1.167
8.490 0.236 -3.179 18.975 0.000 0.020 8.490 -1.167
8.493 0.180 -2.799 18.975 0.000 0.020 8.493 -1.167
8.496 0.131 -2.420 18.975 0.000 0.020 8.496 -1.167
8.498 0.091 -2.040 18.975 0.000 0.020 8.498 -1.167
8.499 0.057 -1.661 18.975 0.000 0.020 8.499 -1.167
8.500 0.032 -1.281 18.975 0.000 0.020 8.500 -1.167
8.500 0.014 -0.902 18.975 0.000 0.020 8.500 -1.167
8.500 0.003 -0.522 18.975 0.000 0.020 8.500 -1.167
8.500 0.000 -0.166 17.804 0.000 0.020 8.500 -1.167
