RightGearToRightHopper
239
0.000 0.017 0.868 43.403 2.094 0.020 -4.010 -11.000
0.001 0.035 0.868 0.001 2.094 0.020 -4.011 -10.999
0.002 0.078 2.170 65.107 2.094 0.020 -4.012 -10.998
0.005 0.139 3.038 43.412 2.094 0.020 -4.013 -10.996
0.010 0.217 3.907 43.424 2.094 0.020 -4.015 -10.992
0.016 0.313 4.776 43.444 2.094 0.020 -4.018 -10.986
0.024 0.425 5.645 43.474 2.094 0.020 -4.023 -10.979
0.035 0.556 6.516 43.515 2.094 0.020 -4.028 -10.969
0.049 0.695 6.953 21.855 2.094 0.020 -4.035 -10.957
0.066 0.834 6.956 0.186 2.094 0.020 -4.043 -10.943
0.085 0.973 6.961 0.222 2.094 0.020 -4.053 -10.926
0.108 1.112 6.966 0.258 2.094 0.020 -4.064 -10.907
0.133 1.252 6.972 0.294 2.094 0.020 -4.077 -10.885
0.161 1.392 6.979 0.329 2.094 0.020 -4.091 -10.861
0.191 1.531 6.986 0.364 2.094 0.020 -4.106 -10.834
0.225 1.671 6.994 0.399 2.094 0.020 -4.123 -10.805
0.261 1.811 7.002 0.433 2.094 0.020 -4.141 -10.774
0.300 1.951 7.012 0.467 2.094 0.020 -4.160 -10.740
0.342 2.092 7.022 0.500 2.094 0.020 -4.181 -10.704
0.386 2.232 7.032 0.533 2.094 0.020 -4.203 -10.665
0.434 2.373 7.044 0.566 2.093 0.020 -4.227 -10.624
0.484 2.514 7.056 0.598 2.093 0.020 -4.252 -10.581
0.537 2.656 7.068 0.631 2.093 0.020 -4.279 -10.535
0.593 2.797 7.082 0.663 2.092 0.020 -4.307 -10.486
0.652 2.939 7.095 0.696 2.092 0.020 -4.336 -10.435
0.714 3.082 7.110 0.729 2.092 0.020 -4.367 -10.382
0.778 3.224 7.125 0.762 2.091 0.020 -4.399 -10.326
0.845 3.367 7.141 0.796 2.091 0.020 -4.432 -10.267
0.916 3.510 7.158 0.831 2.090 0.020 -4.467 -10.206
0.989 3.654 7.175 0.867 2.089 0.020 -4.503 -10.143
1.065 3.797 7.193 0.905 2.088 0.020 -4.541 -10.077
1.143 3.942 7.212 0.944 2.087 0.020 -4.580 -10.008
1.225 4.086 7.232 0.985 2.086 0.020 -4.620 -9.937
1.310 4.231 7.252 1.028 2.085 0.020 -4.662 -9.864
1.397 4.377 7.274 1.073 2.084 0.020 -4.705 -9.787
1.488 4.523 7.296 1.122 2.083 0.020 -4.749 -9.709
1.581 4.669 7.320 1.173 2.081 0.020 -4.795 -9.627
1.678 4.816 7.344 1.229 2.080 0.020 -4.842 -9.543
1.777 4.963 7.370 1.289 2.078 0.020 -4.890 -9.456
1.879 5.111 7.397 1.353 2.076 0.020 -4.940 -9.367
1.984 5.260 7.426 1.423 2.074 0.020 -4.991 -9.275
2.092 5.409 7.456 1.499 2.072 0.020 -5.043 -9.180
2.204 5.559 7.487 1.581 2.069 0.020 -5.096 -9.082
2.318 5.709 7.521 1.671 2.067 0.020 -5.150 -8.982
2.435 5.860 7.556 1.769 2.064 0.020 -5.206 -8.879
2.555 6.012 7.594 1.876 2.061 0.020 -5.263 -8.773
2.679 6.165 7.633 1.993 2.057 0.020 -5.321 -8.664
2.805 6.318 7.676 2.121 2.054 0.020 -5.380 -8.552
2.934 6.473 7.721 2.261 2.050 0.020 -5.439 -8.438
3.067 6.628 7.769 2.415 2.046 0.020 -5.500 -8.320
3.203 6.785 7.821 2.584 2.042 0.020 -5.562 -8.199
3.341 6.942 7.876 2.769 2.037 0.020 -5.625 -8.075
3.483 7.101 7.936 2.973 2.032 0.020 -5.688 -7.948
3.629 7.261 8.000 3.196 2.026 0.020 -5.753 -7.818
3.777 7.422 8.069 3.442 2.021 0.020 -5.818 -7.684
3.929 7.585 8.143 3.713 2.014 0.020 -5.883 -7.548
4.084 7.750 8.223 4.009 2.008 0.020 -5.949 -7.407
4.242 7.916 8.310 4.335 2.001 0.020 -6.016 -7.264
4.404 8.084 8.404 4.694 1.993 0.020 -6.082 -7.116
4.569 8.254 8.505 5.085 1.985 0.020 -6.149 -6.966
4.737 8.426 8.616 5.515 1.976 0.020 -6.217 -6.811
4.909 8.601 8.735 5.985 1.967 0.020 -6.284 -6.653
5.085 8.778 8.865 6.497 1.957 0.020 -6.351 -6.490
5.264 8.958 9.006 7.054 1.946 0.020 -6.417 -6.324
5.447 9.142 9.160 7.656 1.934 0.020 -6.483 -6.153
5.634 9.328 9.326 8.303 1.922 0.020 -6.548 -5.979
5.824 9.518 9.506 8.996 1.909 0.020 -6.613 -5.799
6.018 9.712 9.700 9.727 1.895 0.020 -6.676 -5.616
6.216 9.910 9.910 10.492 1.880 0.020 -6.738 -5.427
6.419 10.113 10.135 11.274 1.864 0.020 -6.798 -5.234
6.625 10.321 10.377 12.059 1.846 0.020 -6.855 -5.036
6.836 10.533 10.633 12.814 1.827 0.020 -6.911 -4.833
7.051 10.742 10.415 -10.916 1.807 0.020 -6.963 -4.625
7.269 10.936 9.704 -35.544 1.786 0.020 -7.012 -4.411
7.492 11.115 8.973 -36.521 1.763 0.020 -7.057 -4.194
7.717 11.279 8.215 -37.924 1.739 0.020 -7.098 -3.972
7.946 11.428 7.418 -39.823 1.713 0.020 -7.133 -3.746
8.177 11.559 6.573 -42.281 1.686 0.020 -7.163 -3.517
8.410 11.673 5.666 -45.342 1.657 0.020 -7.186 -3.284
8.646 11.766 4.686 -49.016 1.627 0.020 -7.203 -3.050
8.883 11.849 4.136 -27.465 1.595 0.020 -7.213 -2.813
9.121 11.929 4.025 -5.540 1.562 0.020 -7.214 -2.574
9.361 12.006 3.838 -9.354 1.527 0.020 -7.208 -2.334
9.603 12.078 3.567 -13.552 1.492 0.020 -7.193 -2.093
9.846 12.142 3.208 -17.981 1.455 0.020 -7.170 -1.852
10.090 12.197 2.759 -22.429 1.417 0.020 -7.137 -1.610
10.334 12.241 2.226 -26.639 1.379 0.020 -7.095 -1.369
10.580 12.274 1.620 -30.328 1.340 0.020 -7.044 -1.129
10.826 12.293 0.955 -33.217 1.301 0.020 -6.983 -0.890
11.072 12.298 0.254 -35.070 1.261 0.020 -6.912 -0.655
11.318 12.289 -0.461 -35.727 1.222 0.020 -6.833 -0.422
11.563 12.266 -1.163 -35.128 1.183 0.020 -6.745 -0.193
11.807 12.229 -1.830 -33.325 1.145 0.020 -6.648 0.031
12.051 12.180 -2.439 -30.474 1.108 0.020 -6.543 0.251
12.293 12.121 -2.975 -26.807 1.071 0.020 -6.431 0.466
12.534 12.052 -3.427 -22.600 1.036 0.020 -6.312 0.676
12.774 11.976 -3.790 -18.141 1.002 0.020 -6.186 0.880
13.012 11.895 -4.064 -13.689 0.970 0.020 -6.055 1.078
13.248 11.810 -4.253 -9.459 0.939 0.020 -5.918 1.271
13.483 11.723 -4.365 -5.610 0.909 0.020 -5.777 1.458
13.715 11.634 -4.410 -2.241 0.881 0.020 -5.631 1.639
13.946 11.547 -4.398 0.603 0.855 0.020 -5.482 1.815
14.175 11.460 -4.340 2.918 0.829 0.020 -5.329 1.986
14.403 11.375 -4.245 4.731 0.806 0.020 -5.174 2.152
14.629 11.292 -4.123 6.090 0.784 0.020 -5.015 2.313
14.853 11.213 -3.982 7.051 0.763 0.020 -4.855 2.470
15.076 11.136 -3.829 7.678 0.743 0.020 -4.692 2.622
15.297 11.063 -3.668 8.029 0.725 0.020 -4.528 2.771
15.517 10.993 -3.505 8.158 0.708 0.020 -4.362 2.915
15.735 10.926 -3.343 8.116 0.692 0.020 -4.195 3.056
15.953 10.862 -3.184 7.942 0.678 0.020 -4.027 3.193
16.169 10.802 -3.030 7.671 0.664 0.020 -3.858 3.328
16.383 10.744 -2.884 7.333 0.651 0.020 -3.688 3.459
16.597 10.689 -2.745 6.949 0.639 0.020 -3.517 3.587
16.810 10.637 -2.614 6.536 0.628 0.020 -3.345 3.713
17.022 10.587 -2.492 6.108 0.618 0.020 -3.174 3.837
17.233 10.539 -2.378 5.676 0.609 0.020 -3.001 3.958
17.442 10.494 -2.273 5.247 0.601 0.020 -2.829 4.078
17.651 10.450 -2.177 4.826 0.593 0.020 -2.656 4.195
17.860 10.409 -2.088 4.416 0.586 0.020 -2.483 4.311
18.067 10.368 -2.008 4.020 0.580 0.020 -2.309 4.425
18.274 10.330 -1.935 3.639 0.574 0.020 -2.136 4.538
18.479 10.292 -1.870 3.274 0.569 0.020 -1.963 4.649
18.685 10.256 -1.811 2.925 0.564 0.020 -1.790 4.759
18.889 10.221 -1.759 2.590 0.561 0.020 -1.617 4.868
19.093 10.187 -1.714 2.270 0.557 0.020 -1.444 4.976
19.296 10.153 -1.675 1.962 0.555 0.020 -1.272 5.083
19.498 10.120 -1.641 1.668 0.553 0.020 -1.100 5.190
19.700 10.088 -1.614 1.384 0.551 0.020 -0.928 5.296
19.901 10.056 -1.592 1.110 0.550 0.020 -0.757 5.401
20.102 10.025 -1.575 0.844 0.550 0.020 -0.586 5.506
20.301 9.993 -1.563 0.586 0.550 0.020 -0.415 5.610
20.501 9.962 -1.556 0.334 0.551 0.020 -0.245 5.714
20.699 9.931 -1.555 0.088 0.552 0.020 -0.076 5.818
20.897 9.900 -1.558 -0.154 0.554 0.020 0.092 5.922
21.095 9.869 -1.565 -0.393 0.556 0.020 0.260 6.026
21.291 9.837 -1.578 -0.629 0.559 0.020 0.427 6.130
21.487 9.805 -1.595 -0.863 0.562 0.020 0.593 6.234
21.683 9.773 -1.617 -1.096 0.566 0.020 0.758 6.339
21.878 9.740 -1.644 -1.327 0.570 0.020 0.923 6.444
22.072 9.707 -1.675 -1.557 0.575 0.020 1.086 6.549
22.265 9.672 -1.711 -1.786 0.581 0.020 1.248 6.655
22.458 9.637 -1.751 -2.012 0.587 0.020 1.409 6.761
22.650 9.601 -1.796 -2.236 0.594 0.020 1.568 6.868
22.841 9.565 -1.845 -2.454 0.601 0.020 1.726 6.975
23.032 9.527 -1.898 -2.667 0.610 0.020 1.883 7.084
23.222 9.487 -1.955 -2.870 0.618 0.020 2.038 7.193
23.411 9.447 -2.017 -3.060 0.628 0.020 2.191 7.303
23.599 9.406 -2.081 -3.232 0.638 0.020 2.343 7.415
23.786 9.363 -2.149 -3.382 0.649 0.020 2.493 7.527
23.972 9.318 -2.219 -3.502 0.661 0.020 2.641 7.640
24.158 9.272 -2.291 -3.584 0.673 0.020 2.786 7.755
24.342 9.225 -2.363 -3.619 0.686 0.020 2.930 7.871
24.526 9.176 -2.435 -3.595 0.701 0.020 3.071 7.988
24.708 9.126 -2.505 -3.499 0.715 0.020 3.210 8.107
24.890 9.075 -2.571 -3.316 0.731 0.020 3.346 8.227
25.070 9.022 -2.632 -3.031 0.748 0.020 3.479 8.349
25.250 8.969 -2.684 -2.626 0.766 0.020 3.610 8.472
25.428 8.911 -2.897 -10.623 0.784 0.020 3.737 8.597
25.605 8.841 -3.474 -28.879 0.804 0.020 3.861 8.723
25.780 8.756 -4.233 -37.934 0.824 0.020 3.981 8.850
25.953 8.657 -4.952 -35.953 0.846 0.020 4.097 8.978
26.124 8.545 -5.629 -33.855 0.867 0.020 4.209 9.108
26.292 8.420 -6.263 -31.696 0.890 0.020 4.317 9.237
26.458 8.282 -6.854 -29.548 0.913 0.020 4.419 9.367
26.621 8.134 -7.404 -27.498 0.937 0.020 4.517 9.497
26.780 7.979 -7.754 -17.484 0.961 0.020 4.610 9.627
26.937 7.825 -7.708 2.286 0.985 0.020 4.698 9.756
27.090 7.676 -7.442 13.306 1.010 0.020 4.782 9.885
27.241 7.533 -7.167 13.754 1.034 0.020 4.860 10.014
27.389 7.395 -6.887 13.972 1.059 0.020 4.934 10.142
27.534 7.263 -6.608 13.944 1.083 0.020 5.004 10.269
27.677 7.136 -6.335 13.671 1.108 0.020 5.069 10.396
27.817 7.015 -6.072 13.161 1.132 0.020 5.130 10.522
27.955 6.898 -5.823 12.435 1.155 0.020 5.187 10.648
28.091 6.787 -5.593 11.523 1.178 0.020 5.241 10.773
28.224 6.679 -5.384 10.460 1.201 0.020 5.291 10.897
28.356 6.575 -5.198 9.286 1.223 0.020 5.337 11.020
28.485 6.474 -5.037 8.044 1.244 0.020 5.380 11.142
28.613 6.376 -4.901 6.771 1.265 0.020 5.419 11.263
28.738 6.280 -4.791 5.505 1.284 0.020 5.456 11.383
28.862 6.186 -4.706 4.276 1.304 0.020 5.490 11.502
28.984 6.093 -4.644 3.110 1.322 0.020 5.521 11.620
29.104 6.001 -4.603 2.026 1.339 0.020 5.549 11.737
29.222 5.910 -4.582 1.037 1.356 0.020 5.576 11.852
29.339 5.818 -4.579 0.151 1.372 0.020 5.599 11.966
29.453 5.726 -4.592 -0.630 1.387 0.020 5.621 12.078
29.566 5.634 -4.618 -1.306 1.401 0.020 5.641 12.189
29.677 5.541 -4.656 -1.883 1.415 0.020 5.659 12.299
29.786 5.447 -4.703 -2.365 1.427 0.020 5.675 12.406
29.893 5.352 -4.758 -2.761 1.439 0.020 5.690 12.512
29.998 5.255 -4.820 -3.079 1.451 0.020 5.703 12.617
30.101 5.157 -4.886 -3.329 1.461 0.020 5.715 12.719
30.202 5.058 -4.957 -3.518 1.471 0.020 5.725 12.820
30.301 4.958 -5.030 -3.655 1.480 0.020 5.735 12.919
30.398 4.856 -5.105 -3.748 1.489 0.020 5.743 13.015
30.493 4.752 -5.181 -3.804 1.497 0.020 5.751 13.110
30.586 4.647 -5.258 -3.829 1.504 0.020 5.757 13.203
30.677 4.540 -5.334 -3.829 1.511 0.020 5.763 13.293
30.766 4.432 -5.410 -3.808 1.517 0.020 5.768 13.382
30.852 4.322 -5.486 -3.770 1.523 0.020 5.772 13.468
30.936 4.211 -5.560 -3.720 1.528 0.020 5.776 13.552
31.018 4.098 -5.633 -3.660 1.533 0.020 5.779 13.634
31.098 3.984 -5.705 -3.591 1.538 0.020 5.782 13.714
31.175 3.869 -5.775 -3.517 1.542 0.020 5.785 13.791
31.250 3.752 -5.844 -3.439 1.545 0.020 5.787 13.866
31.323 3.634 -5.911 -3.357 1.549 0.020 5.788 13.939
31.393 3.514 -5.977 -3.272 1.552 0.020 5.790 14.009
31.461 3.393 -6.040 -3.185 1.554 0.020 5.791 14.077
31.527 3.271 -6.102 -3.097 1.557 0.020 5.792 14.142
31.590 3.148 -6.163 -3.007 1.559 0.020 5.793 14.205
31.650 3.024 -6.221 -2.915 1.561 0.020 5.794 14.266
31.708 2.898 -6.277 -2.822 1.562 0.020 5.794 14.324
31.764 2.771 -6.332 -2.728 1.564 0.020 5.794 14.379
31.816 2.644 -6.384 -2.631 1.565 0.020 5.795 14.432
31.867 2.515 -6.435 -2.532 1.566 0.020 5.795 14.482
31.914 2.385 -6.484 -2.431 1.567 0.020 5.795 14.530
31.959 2.255 -6.530 -2.327 1.568 0.020 5.795 14.575
32.002 2.123 -6.575 -2.220 1.569 0.020 5.796 14.618
32.042 1.991 -6.617 -2.110 1.569 0.020 5.796 14.657
32.079 1.858 -6.657 -1.997 1.569 0.020 5.796 14.695
32.113 1.724 -6.694 -1.881 1.570 0.020 5.796 14.729
32.145 1.589 -6.730 -1.761 1.570 0.020 5.796 14.761
32.174 1.454 -6.762 -1.637 1.570 0.020 5.796 14.790
32.201 1.318 -6.793 -1.510 1.570 0.020 5.796 14.816
32.224 1.182 -6.820 -1.379 1.571 0.020 5.796 14.840
32.245 1.045 -6.845 -1.245 1.571 0.020 5.796 14.861
32.263 0.908 -6.867 -1.108 1.571 0.020 5.796 14.879
32.279 0.770 -6.887 -0.968 1.571 0.020 5.796 14.894
32.291 0.632 -6.903 -0.825 1.571 0.020 5.796 14.907
32.301 0.497 -6.725 8.918 1.571 0.020 5.796 14.917
32.309 0.375 -6.109 30.766 1.571 0.020 5.796 14.924
32.314 0.270 -5.249 43.027 1.571 0.020 5.796 14.930
32.318 0.182 -4.385 43.172 1.571 0.020 5.796 14.934
32.320 0.112 -3.520 43.273 1.571 0.020 5.796 14.936
32.321 0.059 -2.653 43.339 1.571 0.020 5.796 14.937
32.322 0.023 -1.786 43.378 1.571 0.020 5.796 14.937
32.322 0.005 -0.918 43.396 1.571 0.020 5.796 14.937
32.322 0.000 -0.242 33.793 1.571 0.020 5.796 14.937
0.000 0.017 0.868 43.403 2.094 0.020 -1.990 -9.833
0.001 0.035 0.868 -0.001 2.094 0.020 -1.990 -9.833
0.002 0.078 2.170 65.101 2.094 0.020 -1.991 -9.831
0.005 0.139 3.038 43.393 2.094 0.020 -1.992 -9.829
0.010 0.217 3.906 43.381 2.094 0.020 -1.994 -9.825
0.016 0.312 4.773 43.361 2.094 0.020 -1.998 -9.820
0.024 0.425 5.639 43.331 2.094 0.020 -2.002 -9.812
0.035 0.555 6.505 43.290 2.094 0.020 -2.007 -9.803
0.049 0.694 6.936 21.548 2.094 0.020 -2.014 -9.791
0.066 0.833 6.932 -0.186 2.094 0.020 -2.023 -9.776
0.085 0.971 6.928 -0.222 2.094 0.020 -2.032 -9.759
0.108 1.110 6.923 -0.258 2.094 0.020 -2.043 -9.740
0.133 1.248 6.917 -0.294 2.094 0.020 -2.056 -9.719
0.160 1.386 6.910 -0.329 2.094 0.020 -2.070 -9.695
0.191 1.524 6.903 -0.364 2.094 0.020 -2.085 -9.668
0.224 1.662 6.895 -0.399 2.094 0.020 -2.102 -9.639
0.260 1.800 6.886 -0.433 2.094 0.020 -2.120 -9.608
0.299 1.938 6.877 -0.467 2.094 0.020 -2.139 -9.575
0.340 2.075 6.867 -0.500 2.094 0.020 -2.160 -9.539
0.384 2.212 6.856 -0.533 2.094 0.020 -2.182 -9.500
0.431 2.349 6.845 -0.566 2.093 0.020 -2.205 -9.460
0.481 2.486 6.833 -0.598 2.093 0.020 -2.230 -9.417
0.534 2.622 6.821 -0.631 2.093 0.020 -2.256 -9.371
0.589 2.758 6.807 -0.663 2.092 0.020 -2.284 -9.323
0.647 2.894 6.793 -0.696 2.092 0.020 -2.313 -9.273
0.707 3.030 6.779 -0.729 2.092 0.020 -2.343 -9.221
0.771 3.165 6.764 -0.762 2.091 0.020 -2.374 -9.166
0.837 3.300 6.748 -0.796 2.091 0.020 -2.407 -9.108
0.905 3.434 6.731 -0.831 2.090 0.020 -2.441 -9.049
0.977 3.569 6.714 -0.867 2.089 0.020 -2.476 -8.987
1.051 3.703 6.696 -0.905 2.088 0.020 -2.513 -8.922
1.127 3.836 6.677 -0.944 2.087 0.020 -2.551 -8.856
1.207 3.969 6.657 -0.984 2.086 0.020 -2.590 -8.787
1.289 4.102 6.636 -1.028 2.085 0.020 -2.631 -8.715
1.373 4.234 6.615 -1.073 2.084 0.020 -2.672 -8.642
1.461 4.366 6.593 -1.122 2.083 0.020 -2.715 -8.565
1.551 4.498 6.569 -1.174 2.081 0.020 -2.759 -8.487
1.643 4.628 6.545 -1.229 2.080 0.020 -2.804 -8.406
1.738 4.759 6.519 -1.289 2.078 0.020 -2.851 -8.323
1.836 4.889 6.492 -1.353 2.076 0.020 -2.898 -8.238
1.937 5.018 6.463 -1.423 2.074 0.020 -2.947 -8.150
2.040 5.147 6.433 -1.499 2.072 0.020 -2.996 -8.059
2.145 5.275 6.402 -1.582 2.069 0.020 -3.047 -7.967
2.253 5.402 6.368 -1.671 2.067 0.020 -3.098 -7.872
2.364 5.529 6.333 -1.769 2.064 0.020 -3.151 -7.775
2.477 5.655 6.295 -1.876 2.061 0.020 -3.204 -7.675
2.592 5.780 6.255 -1.993 2.057 0.020 -3.258 -7.573
2.710 5.904 6.213 -2.121 2.054 0.020 -3.313 -7.468
2.831 6.027 6.168 -2.262 2.050 0.020 -3.369 -7.361
2.954 6.150 6.119 -2.415 2.046 0.020 -3.426 -7.252
3.079 6.271 6.068 -2.584 2.042 0.020 -3.483 -7.141
3.207 6.391 6.012 -2.770 2.037 0.020 -3.540 -7.027
3.337 6.510 5.953 -2.973 2.032 0.020 -3.599 -6.910
3.470 6.628 5.889 -3.198 2.026 0.020 -3.657 -6.791
3.605 6.744 5.820 -3.443 2.021 0.020 -3.716 -6.670
3.742 6.859 5.746 -3.714 2.014 0.020 -3.776 -6.546
3.881 6.973 5.666 -4.011 2.008 0.020 -3.835 -6.420
4.023 7.084 5.579 -4.337 2.001 0.020 -3.894 -6.291
4.167 7.194 5.485 -4.695 1.993 0.020 -3.954 -6.160
4.313 7.302 5.383 -5.088 1.985 0.020 -4.013 -6.027
4.461 7.407 5.273 -5.518 1.976 0.020 -4.072 -5.891
4.611 7.510 5.153 -5.988 1.967 0.020 -4.131 -5.753
4.764 7.611 5.023 -6.501 1.957 0.020 -4.189 -5.612
4.918 7.708 4.882 -7.058 1.946 0.020 -4.246 -5.469
5.074 7.803 4.729 -7.660 1.934 0.020 -4.302 -5.323
5.232 7.894 4.562 -8.310 1.922 0.020 -4.358 -5.175
5.391 7.982 4.382 -9.002 1.909 0.020 -4.412 -5.025
5.553 8.065 4.188 -9.735 1.895 0.020 -4.464 -4.873
5.716 8.145 3.978 -10.500 1.880 0.020 -4.515 -4.718
5.880 8.220 3.752 -11.285 1.864 0.020 -4.564 -4.561
6.046 8.290 3.511 -12.070 1.846 0.020 -4.610 -4.402
6.213 8.355 3.254 -12.829 1.827 0.020 -4.654 -4.241
6.381 8.407 2.604 -32.501 1.807 0.020 -4.695 -4.077
6.550 8.439 1.579 -51.275 1.786 0.020 -4.733 -3.913
6.719 8.450 0.573 -50.298 1.763 0.020 -4.767 -3.747
6.888 8.442 -0.405 -48.894 1.739 0.020 -4.797 -3.581
7.056 8.415 -1.345 -46.994 1.713 0.020 -4.823 -3.415
7.223 8.371 -2.236 -44.534 1.686 0.020 -4.845 -3.249
7.390 8.309 -3.065 -41.470 1.657 0.020 -4.862 -3.084
7.554 8.233 -3.821 -37.792 1.627 0.020 -4.873 -2.919
7.717 8.150 -4.140 -15.939 1.595 0.020 -4.880 -2.757
7.879 8.070 -4.029 5.537 1.562 0.020 -4.881 -2.595
8.039 7.993 -3.842 9.356 1.527 0.020 -4.877 -2.435
8.197 7.921 -3.571 13.559 1.492 0.020 -4.867 -2.277
8.354 7.857 -3.211 17.993 1.455 0.020 -4.852 -2.121
8.510 7.802 -2.762 22.448 1.417 0.020 -4.831 -1.966
8.665 7.757 -2.229 26.665 1.379 0.020 -4.805 -1.813
8.820 7.725 -1.622 30.359 1.340 0.020 -4.772 -1.662
8.974 7.706 -0.957 33.253 1.301 0.020 -4.734 -1.513
9.128 7.701 -0.254 35.109 1.261 0.020 -4.690 -1.365
9.282 7.710 0.461 35.767 1.222 0.020 -4.640 -1.220
9.437 7.733 1.164 35.167 1.183 0.020 -4.584 -1.075
9.592 7.770 1.832 33.361 1.145 0.020 -4.523 -0.932
9.749 7.819 2.442 30.505 1.108 0.020 -4.456 -0.791
9.906 7.878 2.978 26.832 1.071 0.020 -4.383 -0.652
10.065 7.947 3.431 22.619 1.036 0.020 -4.304 -0.514
10.225 8.023 3.794 18.153 1.002 0.020 -4.220 -0.377
10.388 8.104 4.068 13.694 0.970 0.020 -4.130 -0.242
10.551 8.189 4.257 9.459 0.939 0.020 -4.036 -0.108
10.717 8.277 4.369 5.606 0.909 0.020 -3.936 0.024
10.884 8.365 4.414 2.233 0.881 0.020 -3.831 0.154
11.053 8.453 4.401 -0.613 0.855 0.020 -3.722 0.283
11.224 8.540 4.343 -2.929 0.829 0.020 -3.608 0.411
11.397 8.625 4.248 -4.743 0.806 0.020 -3.490 0.537
11.571 8.707 4.126 -6.102 0.784 0.020 -3.368 0.661
11.746 8.787 3.985 -7.064 0.763 0.020 -3.242 0.784
11.924 8.864 3.831 -7.690 0.743 0.020 -3.113 0.905
12.102 8.937 3.670 -8.040 0.725 0.020 -2.980 1.025
12.283 9.007 3.507 -8.169 0.708 0.020 -2.845 1.143
12.464 9.074 3.344 -8.126 0.692 0.020 -2.706 1.260
12.647 9.138 3.185 -7.951 0.678 0.020 -2.564 1.375
12.831 9.198 3.031 -7.680 0.664 0.020 -2.420 1.490
13.016 9.256 2.885 -7.340 0.651 0.020 -2.274 1.603
13.202 9.311 2.746 -6.955 0.639 0.020 -2.125 1.715
13.389 9.363 2.615 -6.542 0.628 0.020 -1.974 1.826
13.578 9.413 2.492 -6.114 0.618 0.020 -1.821 1.936
13.767 9.461 2.379 -5.681 0.609 0.020 -1.666 2.045
13.957 9.506 2.274 -5.251 0.601 0.020 -1.510 2.153
14.148 9.550 2.177 -4.829 0.593 0.020 -1.352 2.260
14.340 9.591 2.089 -4.419 0.586 0.020 -1.192 2.367
14.532 9.632 2.008 -4.023 0.580 0.020 -1.032 2.473
14.726 9.670 1.936 -3.642 0.574 0.020 -0.870 2.578
14.920 9.708 1.870 -3.277 0.569 0.020 -0.706 2.683
15.115 9.744 1.811 -2.927 0.564 0.020 -0.542 2.788
15.310 9.779 1.760 -2.592 0.561 0.020 -0.376 2.892
15.507 9.813 1.714 -2.271 0.557 0.020 -0.210 2.996
15.704 9.847 1.675 -1.964 0.555 0.020 -0.043 3.100
15.901 9.880 1.642 -1.669 0.553 0.020 0.125 3.204
16.099 9.912 1.614 -1.385 0.551 0.020 0.294 3.308
16.298 9.944 1.592 -1.111 0.550 0.020 0.464 3.412
16.498 9.975 1.575 -0.845 0.550 0.020 0.634 3.516
16.698 10.007 1.563 -0.587 0.550 0.020 0.804 3.621
16.899 10.038 1.556 -0.336 0.551 0.020 0.975 3.726
17.100 10.069 1.554 -0.089 0.552 0.020 1.147 3.831
17.302 10.100 1.558 0.153 0.554 0.020 1.319 3.937
17.505 10.131 1.565 0.392 0.556 0.020 1.491 4.044
17.708 10.163 1.578 0.628 0.559 0.020 1.664 4.152
17.912 10.195 1.595 0.862 0.562 0.020 1.836 4.260
18.116 10.227 1.617 1.094 0.566 0.020 2.009 4.369
18.322 10.260 1.644 1.326 0.570 0.020 2.182 4.480
18.527 10.293 1.675 1.556 0.575 0.020 2.355 4.591
18.734 10.328 1.710 1.784 0.581 0.020 2.528 4.704
18.941 10.363 1.751 2.011 0.587 0.020 2.701 4.818
19.149 10.399 1.795 2.234 0.594 0.020 2.874 4.934
19.358 10.435 1.844 2.453 0.601 0.020 3.046 5.051
19.567 10.473 1.898 2.664 0.610 0.020 3.219 5.171
19.778 10.512 1.955 2.867 0.618 0.020 3.391 5.292
19.989 10.553 2.016 3.057 0.628 0.020 3.562 5.415
20.201 10.594 2.081 3.229 0.638 0.020 3.733 5.540
20.413 10.637 2.148 3.379 0.649 0.020 3.903 5.668
20.627 10.682 2.218 3.499 0.661 0.020 4.073 5.798
20.842 10.728 2.290 3.581 0.673 0.020 4.241 5.931
21.057 10.775 2.362 3.615 0.686 0.020 4.409 6.066
21.274 10.823 2.434 3.590 0.701 0.020 4.575 6.205
21.491 10.874 2.504 3.494 0.715 0.020 4.740 6.346
21.709 10.925 2.570 3.312 0.731 0.020 4.904 6.491
21.929 10.978 2.631 3.026 0.748 0.020 5.066 6.639
22.150 11.031 2.683 2.622 0.766 0.020 5.227 6.790
22.371 11.081 2.511 -8.598 0.784 0.020 5.385 6.945
22.594 11.118 1.836 -33.742 0.804 0.020 5.541 7.104
22.816 11.135 0.859 -48.870 0.824 0.020 5.694 7.266
23.039 11.132 -0.158 -50.849 0.846 0.020 5.843 7.431
23.261 11.108 -1.217 -52.945 0.867 0.020 5.989 7.598
23.482 11.061 -2.319 -55.102 0.890 0.020 6.130 7.769
23.702 10.992 -3.464 -57.247 0.913 0.020 6.266 7.941
23.920 10.899 -4.650 -59.296 0.937 0.020 6.398 8.115
24.136 10.786 -5.652 -50.092 0.961 0.020 6.523 8.291
24.349 10.663 -6.181 -26.461 0.985 0.020 6.643 8.467
24.560 10.534 -6.447 -13.297 1.010 0.020 6.757 8.644
24.768 10.399 -6.722 -13.746 1.034 0.020 6.866 8.821
24.973 10.259 -7.001 -13.963 1.059 0.020 6.969 8.999
25.175 10.114 -7.280 -13.936 1.083 0.020 7.065 9.177
25.375 9.962 -7.553 -13.663 1.108 0.020 7.157 9.354
25.571 9.806 -7.816 -13.154 1.132 0.020 7.242 9.530
25.764 9.645 -8.065 -12.429 1.155 0.020 7.322 9.706
25.953 9.479 -8.295 -11.518 1.178 0.020 7.397 9.880
26.139 9.309 -8.504 -10.456 1.201 0.020 7.466 10.053
26.322 9.135 -8.690 -9.284 1.223 0.020 7.530 10.224
26.501 8.958 -8.851 -8.043 1.244 0.020 7.589 10.393
26.677 8.778 -8.986 -6.771 1.265 0.020 7.644 10.560
26.849 8.596 -9.096 -5.506 1.284 0.020 7.694 10.724
27.017 8.413 -9.182 -4.278 1.304 0.020 7.740 10.886
27.181 8.228 -9.244 -3.113 1.322 0.020 7.782 11.045
27.342 8.042 -9.285 -2.029 1.339 0.020 7.821 11.202
27.499 7.856 -9.306 -1.041 1.356 0.020 7.855 11.355
27.653 7.670 -9.309 -0.154 1.372 0.020 7.887 11.505
27.803 7.484 -9.296 0.626 1.387 0.020 7.915 11.652
27.948 7.299 -9.270 1.303 1.401 0.020 7.941 11.796
28.091 7.114 -9.232 1.879 1.415 0.020 7.964 11.936
28.229 6.930 -9.185 2.362 1.427 0.020 7.985 12.073
28.364 6.748 -9.130 2.758 1.439 0.020 8.003 12.207
28.496 6.566 -9.069 3.077 1.451 0.020 8.020 12.337
28.623 6.386 -9.002 3.326 1.461 0.020 8.034 12.464
28.748 6.208 -8.932 3.515 1.471 0.020 8.047 12.587
28.868 6.030 -8.859 3.653 1.480 0.020 8.059 12.707
28.985 5.855 -8.784 3.746 1.489 0.020 8.069 12.824
29.099 5.681 -8.708 3.802 1.497 0.020 8.078 12.937
29.209 5.508 -8.631 3.827 1.504 0.020 8.085 13.047
29.316 5.337 -8.555 3.827 1.511 0.020 8.092 13.154
29.419 5.167 -8.478 3.806 1.517 0.020 8.098 13.257
29.519 4.999 -8.403 3.769 1.523 0.020 8.103 13.357
29.616 4.833 -8.329 3.719 1.528 0.020 8.107 13.453
29.709 4.668 -8.256 3.659 1.533 0.020 8.111 13.547
29.799 4.504 -8.184 3.591 1.538 0.020 8.114 13.637
29.886 4.342 -8.113 3.517 1.542 0.020 8.117 13.723
29.970 4.181 -8.045 3.438 1.545 0.020 8.119 13.807
30.050 4.021 -7.978 3.356 1.549 0.020 8.121 13.887
30.127 3.863 -7.912 3.271 1.552 0.020 8.123 13.965
30.201 3.706 -7.848 3.185 1.554 0.020 8.124 14.039
30.272 3.550 -7.786 3.096 1.557 0.020 8.125 14.110
30.340 3.396 -7.726 3.007 1.559 0.020 8.126 14.178
30.405 3.242 -7.668 2.915 1.561 0.020 8.127 14.242
30.467 3.090 -7.612 2.822 1.562 0.020 8.127 14.304
30.526 2.939 -7.557 2.727 1.564 0.020 8.128 14.363
30.582 2.789 -7.504 2.631 1.565 0.020 8.128 14.419
30.634 2.640 -7.454 2.532 1.566 0.020 8.128 14.472
30.684 2.492 -7.405 2.431 1.567 0.020 8.129 14.521
30.731 2.345 -7.359 2.327 1.568 0.020 8.129 14.568
30.775 2.198 -7.314 2.220 1.569 0.020 8.129 14.612
30.816 2.053 -7.272 2.110 1.569 0.020 8.129 14.653
30.854 1.908 -7.232 1.997 1.569 0.020 8.129 14.692
30.889 1.764 -7.194 1.881 1.570 0.020 8.129 14.727
30.922 1.621 -7.159 1.761 1.570 0.020 8.129 14.759
30.951 1.479 -7.126 1.637 1.570 0.020 8.129 14.789
30.978 1.337 -7.096 1.510 1.570 0.020 8.129 14.816
31.002 1.195 -7.069 1.379 1.571 0.020 8.129 14.839
31.023 1.054 -7.044 1.245 1.571 0.020 8.129 14.861
31.041 0.914 -7.022 1.108 1.571 0.020 8.129 14.879
31.057 0.774 -7.002 0.968 1.571 0.020 8.129 14.894
31.070 0.634 -6.986 0.825 1.571 0.020 8.129 14.907
31.080 0.499 -6.780 10.299 1.571 0.020 8.129 14.917
31.087 0.376 -6.143 31.854 1.571 0.020 8.129 14.924
31.093 0.270 -5.267 43.779 1.571 0.020 8.129 14.930
31.096 0.182 -4.394 43.634 1.571 0.020 8.129 14.934
31.098 0.112 -3.524 43.532 1.571 0.020 8.129 14.936
31.100 0.059 -2.655 43.466 1.571 0.020 8.129 14.937
31.100 0.023 -1.786 43.428 1.571 0.020 8.129 14.937
31.100 0.005 -0.918 43.410 1.571 0.020 8.129 14.937
31.100 0.000 -0.242 33.795 1.571 0.020 8.129 14.937
