RightGear
184
0.000 0.017 0.868 43.403 3.142 0.020 -0.000 -1.167
0.001 0.035 0.868 -0.000 3.142 0.020 -0.001 -1.167
0.002 0.078 2.170 65.103 3.142 0.020 -0.002 -1.167
0.005 0.139 3.038 43.399 3.142 0.020 -0.005 -1.167
0.010 0.217 3.906 43.393 3.142 0.020 -0.010 -1.167
0.016 0.312 4.774 43.384 3.142 0.020 -0.016 -1.167
0.024 0.425 5.641 43.371 3.142 0.020 -0.024 -1.167
0.035 0.555 6.508 43.352 3.142 0.020 -0.035 -1.167
0.049 0.694 6.941 21.632 3.142 0.020 -0.049 -1.167
0.066 0.833 6.939 -0.084 3.142 0.020 -0.066 -1.167
0.085 0.972 6.937 -0.100 3.142 0.020 -0.085 -1.167
0.108 1.110 6.935 -0.116 3.142 0.020 -0.108 -1.167
0.133 1.249 6.932 -0.133 3.142 0.020 -0.133 -1.167
0.160 1.388 6.929 -0.149 3.142 0.020 -0.160 -1.167
0.191 1.526 6.926 -0.164 3.142 0.020 -0.191 -1.167
0.224 1.665 6.922 -0.180 3.142 0.020 -0.224 -1.167
0.260 1.803 6.918 -0.195 3.142 0.020 -0.260 -1.167
0.299 1.941 6.914 -0.211 3.142 0.020 -0.299 -1.167
0.341 2.080 6.910 -0.226 3.142 0.020 -0.341 -1.167
0.385 2.218 6.905 -0.241 3.142 0.020 -0.385 -1.167
0.432 2.356 6.900 -0.256 3.142 0.020 -0.432 -1.167
0.482 2.493 6.894 -0.272 3.142 0.020 -0.482 -1.167
0.535 2.631 6.888 -0.287 3.142 0.020 -0.535 -1.167
0.590 2.769 6.882 -0.302 3.142 0.020 -0.590 -1.167
0.648 2.906 6.876 -0.318 3.143 0.020 -0.648 -1.167
0.709 3.044 6.869 -0.334 3.143 0.020 -0.709 -1.167
0.773 3.181 6.862 -0.351 3.143 0.020 -0.773 -1.167
0.839 3.318 6.855 -0.368 3.143 0.020 -0.839 -1.167
0.908 3.455 6.847 -0.386 3.144 0.020 -0.908 -1.167
0.980 3.592 6.839 -0.404 3.144 0.020 -0.980 -1.167
1.054 3.728 6.831 -0.424 3.144 0.020 -1.054 -1.168
1.132 3.865 6.822 -0.445 3.145 0.020 -1.132 -1.168
1.212 4.001 6.812 -0.468 3.145 0.020 -1.212 -1.168
1.295 4.137 6.803 -0.492 3.146 0.020 -1.295 -1.168
1.380 4.273 6.792 -0.517 3.146 0.020 -1.380 -1.169
1.468 4.409 6.781 -0.546 3.147 0.020 -1.468 -1.169
1.559 4.544 6.770 -0.576 3.148 0.020 -1.559 -1.170
1.653 4.679 6.758 -0.610 3.148 0.020 -1.653 -1.170
1.749 4.814 6.745 -0.646 3.149 0.020 -1.749 -1.171
1.848 4.949 6.731 -0.687 3.150 0.020 -1.848 -1.172
1.950 5.083 6.716 -0.732 3.151 0.020 -1.950 -1.173
2.054 5.217 6.701 -0.781 3.152 0.020 -2.054 -1.174
2.161 5.351 6.684 -0.836 3.153 0.020 -2.161 -1.175
2.271 5.484 6.666 -0.897 3.154 0.020 -2.271 -1.176
2.383 5.617 6.647 -0.966 3.156 0.020 -2.383 -1.178
2.498 5.750 6.626 -1.042 3.157 0.020 -2.498 -1.179
2.616 5.882 6.603 -1.128 3.159 0.020 -2.615 -1.181
2.736 6.013 6.579 -1.225 3.160 0.020 -2.736 -1.183
2.859 6.144 6.552 -1.334 3.162 0.020 -2.859 -1.186
2.984 6.275 6.523 -1.457 3.164 0.020 -2.984 -1.189
3.112 6.405 6.491 -1.597 3.166 0.020 -3.112 -1.192
3.243 6.534 6.456 -1.756 3.168 0.020 -3.243 -1.195
3.376 6.662 6.417 -1.937 3.171 0.020 -3.376 -1.199
3.512 6.789 6.374 -2.145 3.174 0.020 -3.512 -1.203
3.650 6.916 6.327 -2.384 3.176 0.020 -3.650 -1.207
3.791 7.041 6.273 -2.659 3.180 0.020 -3.791 -1.213
3.934 7.166 6.214 -2.979 3.183 0.020 -3.934 -1.218
4.080 7.289 6.147 -3.350 3.187 0.020 -4.079 -1.225
4.228 7.410 6.071 -3.783 3.190 0.020 -4.228 -1.231
4.379 7.530 5.985 -4.293 3.195 0.020 -4.378 -1.239
4.532 7.648 5.887 -4.893 3.199 0.020 -4.531 -1.248
4.687 7.763 5.775 -5.607 3.204 0.020 -4.686 -1.257
4.845 7.876 5.646 -6.458 3.210 0.020 -4.843 -1.267
5.004 7.986 5.497 -7.482 3.216 0.020 -5.002 -1.279
5.166 8.092 5.322 -8.722 3.222 0.020 -5.163 -1.291
5.330 8.195 5.117 -10.233 3.229 0.020 -5.327 -1.305
5.496 8.292 4.876 -12.093 3.237 0.020 -5.492 -1.320
5.664 8.384 4.588 -14.400 3.246 0.020 -5.659 -1.337
5.833 8.469 4.242 -17.290 3.255 0.020 -5.827 -1.355
6.004 8.545 3.823 -20.950 3.266 0.020 -5.997 -1.376
6.176 8.611 3.310 -25.636 3.278 0.020 -6.168 -1.398
6.350 8.665 2.676 -31.711 3.291 0.020 -6.339 -1.423
6.523 8.695 1.490 -59.289 3.306 0.020 -6.511 -1.450
6.697 8.689 -0.274 -88.206 3.324 0.020 -6.682 -1.480
6.870 8.644 -2.269 -99.733 3.343 0.020 -6.852 -1.513
7.041 8.553 -4.571 -115.100 3.366 0.020 -7.019 -1.549
7.209 8.407 -7.288 -135.848 3.391 0.020 -7.182 -1.588
7.373 8.195 -10.572 -164.203 3.422 0.020 -7.341 -1.631
7.531 7.903 -14.639 -203.354 3.458 0.020 -7.492 -1.677
7.681 7.507 -19.793 -257.718 3.500 0.020 -7.633 -1.727
7.821 6.983 -26.162 -318.431 3.552 0.020 -7.763 -1.779
7.947 6.295 -34.441 -413.945 3.616 0.020 -7.877 -1.833
8.055 5.381 -45.689 -562.439 3.695 0.020 -7.971 -1.885
8.138 4.176 -60.221 -726.580 3.795 0.020 -8.040 -1.932
8.191 2.648 -76.427 -810.276 3.921 0.020 -8.080 -1.967
8.209 0.900 -87.385 -547.918 4.077 0.020 -8.092 -1.980
8.222 0.661 -11.940 3772.254 4.259 0.020 -8.086 -1.969
8.249 1.356 34.743 2334.123 4.454 0.020 -8.076 -1.943
8.265 0.775 -29.041 -3189.165 4.639 0.020 -8.073 -1.928
8.280 0.746 -1.481 1377.986 4.797 0.020 -8.073 -1.943
8.330 2.520 88.703 4509.194 4.926 0.020 -8.065 -1.993
8.412 4.100 79.010 -484.640 5.027 0.020 -8.043 -2.072
8.519 5.355 62.764 -812.291 5.106 0.020 -8.006 -2.172
8.646 6.311 47.786 -748.890 5.170 0.020 -7.953 -2.287
8.786 7.033 36.084 -585.100 5.220 0.020 -7.888 -2.411
8.938 7.582 27.451 -431.685 5.262 0.020 -7.811 -2.542
9.098 8.005 21.178 -313.615 5.296 0.020 -7.725 -2.677
9.265 8.338 16.610 -228.420 5.325 0.020 -7.631 -2.815
9.437 8.603 13.248 -168.091 5.348 0.020 -7.531 -2.955
9.613 8.817 10.741 -125.351 5.369 0.020 -7.424 -3.095
9.793 8.994 8.845 -94.794 5.386 0.020 -7.313 -3.237
9.976 9.142 7.392 -72.663 5.401 0.020 -7.198 -3.379
10.161 9.267 6.264 -56.400 5.413 0.020 -7.080 -3.521
10.349 9.368 5.021 -62.147 5.424 0.020 -6.958 -3.664
10.537 9.438 3.536 -74.270 5.433 0.020 -6.834 -3.806
10.727 9.481 2.116 -70.979 5.441 0.020 -6.708 -3.948
10.917 9.497 0.788 -66.410 5.447 0.020 -6.582 -4.090
11.107 9.487 -0.468 -62.794 5.452 0.020 -6.454 -4.230
11.296 9.454 -1.666 -59.924 5.457 0.020 -6.326 -4.369
11.484 9.397 -2.819 -57.644 5.460 0.020 -6.199 -4.508
11.670 9.319 -3.936 -55.835 5.462 0.020 -6.072 -4.644
11.855 9.226 -4.648 -35.593 5.464 0.020 -5.946 -4.779
12.037 9.128 -4.899 -12.549 5.465 0.020 -5.821 -4.912
12.218 9.027 -5.066 -8.347 5.465 0.020 -5.698 -5.044
12.396 8.922 -5.208 -7.118 5.465 0.020 -5.576 -5.174
12.572 8.816 -5.331 -6.120 5.464 0.020 -5.455 -5.303
12.747 8.707 -5.437 -5.309 5.463 0.020 -5.336 -5.430
12.918 8.596 -5.530 -4.649 5.461 0.020 -5.219 -5.556
13.088 8.484 -5.612 -4.116 5.459 0.020 -5.104 -5.681
13.256 8.370 -5.686 -3.688 5.456 0.020 -4.991 -5.804
13.421 8.255 -5.753 -3.351 5.453 0.020 -4.879 -5.925
13.583 8.139 -5.815 -3.090 5.449 0.020 -4.769 -6.046
13.744 8.022 -5.873 -2.896 5.445 0.020 -4.662 -6.165
13.902 7.903 -5.928 -2.762 5.441 0.020 -4.556 -6.282
14.058 7.783 -5.981 -2.681 5.437 0.020 -4.453 -6.399
14.211 7.663 -6.034 -2.646 5.432 0.020 -4.352 -6.514
14.362 7.541 -6.087 -2.654 5.427 0.020 -4.253 -6.628
14.510 7.418 -6.141 -2.700 5.421 0.020 -4.156 -6.740
14.656 7.294 -6.197 -2.779 5.415 0.020 -4.061 -6.851
14.799 7.169 -6.255 -2.887 5.409 0.020 -3.969 -6.961
14.940 7.043 -6.315 -3.021 5.403 0.020 -3.879 -7.069
15.078 6.915 -6.379 -3.175 5.397 0.020 -3.791 -7.176
15.214 6.786 -6.446 -3.343 5.390 0.020 -3.705 -7.281
15.347 6.656 -6.516 -3.522 5.384 0.020 -3.622 -7.385
15.478 6.524 -6.590 -3.704 5.377 0.020 -3.541 -7.488
15.606 6.391 -6.668 -3.883 5.370 0.020 -3.463 -7.588
15.731 6.256 -6.749 -4.052 5.363 0.020 -3.387 -7.688
15.853 6.119 -6.833 -4.204 5.356 0.020 -3.313 -7.785
15.973 5.981 -6.919 -4.330 5.349 0.020 -3.241 -7.881
16.090 5.841 -7.008 -4.425 5.342 0.020 -3.172 -7.975
16.204 5.699 -7.098 -4.480 5.335 0.020 -3.105 -8.068
16.315 5.555 -7.187 -4.489 5.329 0.020 -3.041 -8.158
16.423 5.409 -7.276 -4.447 5.322 0.020 -2.979 -8.247
16.528 5.262 -7.363 -4.350 5.315 0.020 -2.919 -8.333
16.630 5.113 -7.447 -4.194 5.309 0.020 -2.861 -8.418
16.730 4.963 -7.527 -3.979 5.303 0.020 -2.805 -8.500
16.826 4.811 -7.601 -3.706 5.297 0.020 -2.752 -8.580
16.919 4.657 -7.668 -3.377 5.291 0.020 -2.701 -8.658
17.009 4.503 -7.728 -2.997 5.285 0.020 -2.652 -8.733
17.096 4.347 -7.780 -2.573 5.280 0.020 -2.605 -8.807
17.180 4.191 -7.822 -2.113 5.275 0.020 -2.560 -8.877
17.260 4.034 -7.855 -1.626 5.271 0.020 -2.517 -8.946
17.338 3.876 -7.877 -1.122 5.267 0.020 -2.476 -9.012
17.412 3.718 -7.889 -0.612 5.263 0.020 -2.437 -9.075
17.484 3.561 -7.891 -0.106 5.259 0.020 -2.400 -9.136
17.552 3.403 -7.884 0.384 5.256 0.020 -2.365 -9.194
17.616 3.246 -7.867 0.849 5.253 0.020 -2.331 -9.249
17.678 3.089 -7.841 1.281 5.250 0.020 -2.300 -9.302
17.737 2.933 -7.808 1.673 5.248 0.020 -2.270 -9.353
17.792 2.777 -7.767 2.018 5.246 0.020 -2.241 -9.401
17.845 2.623 -7.721 2.312 5.244 0.020 -2.215 -9.446
17.894 2.469 -7.670 2.552 5.242 0.020 -2.190 -9.488
17.941 2.317 -7.615 2.738 5.241 0.020 -2.166 -9.528
17.984 2.166 -7.558 2.869 5.240 0.020 -2.145 -9.566
18.024 2.016 -7.499 2.946 5.239 0.020 -2.124 -9.601
18.062 1.867 -7.439 2.972 5.238 0.020 -2.106 -9.633
18.096 1.720 -7.380 2.949 5.238 0.020 -2.088 -9.663
18.127 1.573 -7.323 2.882 5.237 0.020 -2.073 -9.690
18.156 1.428 -7.267 2.774 5.237 0.020 -2.058 -9.715
18.182 1.283 -7.215 2.630 5.237 0.020 -2.045 -9.737
18.204 1.140 -7.166 2.454 5.236 0.020 -2.034 -9.757
18.224 0.998 -7.121 2.249 5.236 0.020 -2.024 -9.774
18.242 0.856 -7.080 2.021 5.236 0.020 -2.015 -9.789
18.256 0.715 -7.045 1.772 5.236 0.020 -2.008 -9.801
18.267 0.575 -7.015 1.507 5.236 0.020 -2.003 -9.811
18.276 0.443 -6.610 20.234 5.236 0.020 -1.998 -9.819
18.283 0.327 -5.778 41.621 5.236 0.020 -1.995 -9.824
18.287 0.229 -4.897 44.019 5.236 0.020 -1.993 -9.828
18.290 0.149 -4.022 43.769 5.236 0.020 -1.991 -9.831
18.292 0.086 -3.150 43.597 5.236 0.020 -1.990 -9.832
18.293 0.040 -2.280 43.490 5.236 0.020 -1.990 -9.833
18.293 0.012 -1.411 43.433 5.236 0.020 -1.990 -9.833
18.293 0.001 -0.543 43.409 5.236 0.020 -1.990 -9.833
18.293 0.000 -0.055 24.432 5.236 0.020 -1.990 -9.833
0.000 0.017 0.868 43.403 3.142 0.020 -0.000 1.167
0.001 0.035 0.868 0.000 3.142 0.020 -0.001 1.167
0.002 0.078 2.170 65.106 3.142 0.020 -0.002 1.167
0.005 0.139 3.038 43.407 3.142 0.020 -0.005 1.167
0.010 0.217 3.907 43.413 3.142 0.020 -0.010 1.167
0.016 0.313 4.775 43.422 3.142 0.020 -0.016 1.167
0.024 0.425 5.644 43.435 3.142 0.020 -0.024 1.167
0.035 0.556 6.513 43.453 3.142 0.020 -0.035 1.167
0.049 0.695 6.948 21.770 3.142 0.020 -0.049 1.167
0.066 0.834 6.950 0.084 3.142 0.020 -0.066 1.167
0.085 0.973 6.952 0.100 3.142 0.020 -0.085 1.167
0.108 1.112 6.954 0.116 3.142 0.020 -0.108 1.167
0.133 1.251 6.957 0.133 3.142 0.020 -0.133 1.167
0.160 1.390 6.960 0.149 3.142 0.020 -0.160 1.167
0.191 1.529 6.963 0.164 3.142 0.020 -0.191 1.167
0.224 1.669 6.967 0.180 3.142 0.020 -0.224 1.167
0.261 1.808 6.971 0.195 3.142 0.020 -0.261 1.167
0.300 1.948 6.975 0.211 3.142 0.020 -0.300 1.167
0.341 2.087 6.979 0.226 3.142 0.020 -0.341 1.167
0.386 2.227 6.984 0.241 3.142 0.020 -0.386 1.167
0.433 2.367 6.989 0.256 3.142 0.020 -0.433 1.167
0.483 2.507 6.995 0.272 3.142 0.020 -0.483 1.167
0.536 2.647 7.000 0.287 3.142 0.020 -0.536 1.167
0.592 2.787 7.007 0.302 3.142 0.020 -0.592 1.166
0.651 2.927 7.013 0.318 3.143 0.020 -0.651 1.166
0.712 3.067 7.020 0.334 3.143 0.020 -0.712 1.166
0.776 3.208 7.027 0.351 3.143 0.020 -0.776 1.166
0.843 3.349 7.034 0.368 3.143 0.020 -0.843 1.166
0.913 3.489 7.042 0.386 3.144 0.020 -0.913 1.166
0.985 3.630 7.050 0.405 3.144 0.020 -0.985 1.166
1.061 3.772 7.058 0.424 3.144 0.020 -1.061 1.166
1.139 3.913 7.067 0.445 3.145 0.020 -1.139 1.165
1.220 4.054 7.076 0.468 3.145 0.020 -1.220 1.165
1.304 4.196 7.086 0.492 3.146 0.020 -1.304 1.165
1.391 4.338 7.097 0.518 3.146 0.020 -1.391 1.165
1.480 4.480 7.108 0.546 3.147 0.020 -1.480 1.164
1.573 4.623 7.119 0.576 3.148 0.020 -1.573 1.164
1.668 4.765 7.131 0.610 3.148 0.020 -1.668 1.163
1.766 4.908 7.144 0.647 3.149 0.020 -1.766 1.162
1.867 5.051 7.158 0.687 3.150 0.020 -1.867 1.161
1.971 5.195 7.173 0.731 3.151 0.020 -1.971 1.161
2.078 5.338 7.188 0.781 3.152 0.020 -2.078 1.159
2.188 5.483 7.205 0.836 3.153 0.020 -2.188 1.158
2.300 5.627 7.223 0.897 3.154 0.020 -2.300 1.157
2.416 5.772 7.242 0.966 3.156 0.020 -2.416 1.155
2.534 5.917 7.263 1.042 3.157 0.020 -2.534 1.154
2.655 6.063 7.286 1.128 3.159 0.020 -2.655 1.152
2.779 6.209 7.310 1.225 3.160 0.020 -2.779 1.149
2.907 6.356 7.337 1.334 3.162 0.020 -2.906 1.147
3.037 6.503 7.366 1.457 3.164 0.020 -3.036 1.144
3.170 6.651 7.398 1.597 3.166 0.020 -3.169 1.141
3.306 6.800 7.433 1.755 3.168 0.020 -3.305 1.138
3.445 6.949 7.472 1.937 3.171 0.020 -3.444 1.134
3.587 7.099 7.515 2.145 3.174 0.020 -3.586 1.129
3.732 7.251 7.562 2.384 3.176 0.020 -3.731 1.124
3.880 7.403 7.615 2.659 3.180 0.020 -3.879 1.119
4.031 7.556 7.675 2.978 3.183 0.020 -4.030 1.113
4.185 7.711 7.742 3.349 3.187 0.020 -4.184 1.106
4.342 7.868 7.818 3.783 3.190 0.020 -4.341 1.099
4.503 8.026 7.903 4.291 3.195 0.020 -4.502 1.091
4.667 8.186 8.001 4.892 3.199 0.020 -4.665 1.082
4.834 8.348 8.113 5.605 3.204 0.020 -4.832 1.072
5.004 8.513 8.243 6.457 3.210 0.020 -5.002 1.061
5.177 8.681 8.392 7.480 3.216 0.020 -5.175 1.048
5.355 8.852 8.567 8.719 3.222 0.020 -5.351 1.035
5.535 9.027 8.771 10.230 3.229 0.020 -5.531 1.019
5.719 9.208 9.013 12.088 3.237 0.020 -5.715 1.003
5.907 9.394 9.301 14.394 3.246 0.020 -5.902 0.984
6.099 9.587 9.646 17.283 3.255 0.020 -6.092 0.963
6.295 9.788 10.065 20.939 3.266 0.020 -6.287 0.940
6.495 10.000 10.578 25.622 3.278 0.020 -6.485 0.914
6.699 10.224 11.212 31.692 3.291 0.020 -6.687 0.885
6.908 10.454 11.529 15.861 3.306 0.020 -6.894 0.852
7.122 10.685 11.556 1.365 3.324 0.020 -7.104 0.815
7.340 10.922 11.814 12.879 3.343 0.020 -7.319 0.773
7.564 11.169 12.378 28.224 3.366 0.020 -7.537 0.726
7.792 11.436 13.357 48.939 3.391 0.020 -7.759 0.673
8.027 11.734 14.902 77.243 3.422 0.020 -7.986 0.611
8.269 12.079 17.228 116.308 3.458 0.020 -8.217 0.540
8.518 12.492 20.639 170.534 3.500 0.020 -8.453 0.458
8.779 13.014 26.127 274.403 3.552 0.020 -8.694 0.360
9.053 13.702 34.384 412.879 3.616 0.020 -8.942 0.243
9.345 14.614 45.597 560.627 3.695 0.020 -9.197 0.100
9.661 15.815 60.068 723.561 3.795 0.020 -9.457 -0.079
10.008 17.339 76.182 805.718 3.921 0.020 -9.719 -0.306
10.390 19.080 87.043 543.058 4.077 0.020 -9.970 -0.594
10.802 20.633 77.668 -468.759 4.259 0.020 -10.184 -0.947
11.229 21.325 34.566 -2155.104 4.454 0.020 -10.332 -1.347
11.644 20.747 -28.891 -3172.884 4.639 0.020 -10.400 -1.756
12.029 19.234 -75.655 -2338.187 4.797 0.020 -10.398 -2.141
12.378 17.467 -88.353 -634.883 4.926 0.020 -10.345 -2.486
12.696 15.891 -78.754 479.956 5.027 0.020 -10.262 -2.793
12.988 14.639 -62.603 807.531 5.106 0.020 -10.160 -3.068
13.262 13.686 -47.689 745.689 5.170 0.020 -10.047 -3.317
13.522 12.965 -36.026 583.176 5.220 0.020 -9.927 -3.546
13.770 12.417 -27.415 430.559 5.262 0.020 -9.801 -3.761
14.010 11.994 -21.156 312.952 5.296 0.020 -9.672 -3.963
14.243 11.662 -16.595 228.021 5.325 0.020 -9.541 -4.156
14.471 11.397 -13.238 167.845 5.348 0.020 -9.408 -4.341
14.695 11.182 -10.734 125.195 5.369 0.020 -9.273 -4.519
14.915 11.006 -8.841 94.692 5.386 0.020 -9.137 -4.692
15.132 10.858 -7.389 72.595 5.401 0.020 -9.000 -4.861
15.346 10.733 -6.262 56.353 5.413 0.020 -8.863 -5.026
15.559 10.617 -5.778 24.173 5.424 0.020 -8.725 -5.188
15.769 10.499 -5.920 -7.098 5.433 0.020 -8.587 -5.346
15.976 10.374 -6.237 -15.843 5.441 0.020 -8.450 -5.501
16.181 10.241 -6.645 -20.409 5.447 0.020 -8.313 -5.654
16.383 10.098 -7.126 -24.021 5.452 0.020 -8.177 -5.803
16.582 9.945 -7.663 -26.889 5.457 0.020 -8.043 -5.950
16.778 9.780 -8.247 -29.168 5.460 0.020 -7.910 -6.094
16.970 9.603 -8.866 -30.975 5.462 0.020 -7.779 -6.234
17.158 9.420 -9.132 -13.274 5.464 0.020 -7.651 -6.372
17.343 9.240 -8.990 7.086 5.465 0.020 -7.525 -6.507
17.524 9.064 -8.823 8.345 5.465 0.020 -7.401 -6.639
17.702 8.890 -8.681 7.117 5.465 0.020 -7.279 -6.769
17.876 8.719 -8.558 6.119 5.464 0.020 -7.160 -6.896
18.047 8.550 -8.452 5.308 5.463 0.020 -7.043 -7.021
18.215 8.383 -8.359 4.649 5.461 0.020 -6.929 -7.144
18.379 8.217 -8.277 4.116 5.459 0.020 -6.817 -7.265
18.540 8.053 -8.203 3.688 5.456 0.020 -6.708 -7.383
18.698 7.891 -8.136 3.350 5.453 0.020 -6.601 -7.499
18.853 7.729 -8.074 3.090 5.449 0.020 -6.497 -7.614
19.004 7.569 -8.016 2.896 5.445 0.020 -6.396 -7.726
19.152 7.410 -7.961 2.762 5.441 0.020 -6.297 -7.836
19.297 7.251 -7.908 2.681 5.437 0.020 -6.201 -7.945
19.439 7.094 -7.855 2.646 5.432 0.020 -6.107 -8.051
19.578 6.938 -7.801 2.654 5.427 0.020 -6.016 -8.156
19.714 6.783 -7.748 2.700 5.421 0.020 -5.927 -8.259
19.846 6.630 -7.692 2.779 5.415 0.020 -5.841 -8.360
19.976 6.477 -7.634 2.888 5.409 0.020 -5.758 -8.459
20.102 6.325 -7.574 3.021 5.403 0.020 -5.677 -8.556
20.226 6.175 -7.510 3.175 5.397 0.020 -5.598 -8.651
20.346 6.026 -7.443 3.344 5.390 0.020 -5.522 -8.745
20.464 5.879 -7.373 3.522 5.384 0.020 -5.449 -8.837
20.579 5.733 -7.299 3.705 5.377 0.020 -5.378 -8.927
20.690 5.588 -7.221 3.884 5.370 0.020 -5.309 -9.015
20.799 5.446 -7.140 4.053 5.363 0.020 -5.243 -9.101
20.905 5.305 -7.056 4.204 5.356 0.020 -5.179 -9.186
21.009 5.165 -6.969 4.331 5.349 0.020 -5.117 -9.269
21.109 5.028 -6.881 4.425 5.342 0.020 -5.058 -9.350
21.207 4.892 -6.791 4.480 5.335 0.020 -5.000 -9.429
21.302 4.758 -6.702 4.489 5.329 0.020 -4.945 -9.507
21.395 4.625 -6.613 4.447 5.322 0.020 -4.892 -9.582
21.485 4.495 -6.526 4.350 5.315 0.020 -4.841 -9.656
21.572 4.366 -6.442 4.194 5.309 0.020 -4.791 -9.728
21.657 4.239 -6.362 3.979 5.303 0.020 -4.744 -9.799
21.739 4.113 -6.288 3.706 5.297 0.020 -4.699 -9.867
21.819 3.989 -6.220 3.377 5.291 0.020 -4.655 -9.934
21.896 3.865 -6.160 2.997 5.285 0.020 -4.613 -9.999
21.971 3.743 -6.109 2.573 5.280 0.020 -4.572 -10.062
22.043 3.622 -6.067 2.113 5.275 0.020 -4.533 -10.123
22.113 3.501 -6.034 1.625 5.271 0.020 -4.496 -10.182
22.181 3.381 -6.012 1.121 5.267 0.020 -4.460 -10.239
22.246 3.261 -6.000 0.611 5.263 0.020 -4.426 -10.295
22.309 3.141 -5.997 0.106 5.259 0.020 -4.393 -10.349
22.369 3.021 -6.005 -0.384 5.256 0.020 -4.362 -10.400
22.427 2.901 -6.022 -0.850 5.253 0.020 -4.332 -10.450
22.483 2.780 -6.048 -1.282 5.250 0.020 -4.304 -10.498
22.536 2.658 -6.081 -1.673 5.248 0.020 -4.277 -10.543
22.587 2.536 -6.122 -2.018 5.246 0.020 -4.251 -10.587
22.635 2.412 -6.168 -2.312 5.244 0.020 -4.226 -10.629
22.681 2.288 -6.219 -2.553 5.242 0.020 -4.203 -10.668
22.724 2.162 -6.274 -2.738 5.241 0.020 -4.181 -10.705
22.765 2.036 -6.331 -2.869 5.240 0.020 -4.161 -10.740
22.803 1.908 -6.390 -2.946 5.239 0.020 -4.141 -10.773
22.839 1.779 -6.449 -2.972 5.238 0.020 -4.124 -10.804
22.872 1.649 -6.508 -2.949 5.238 0.020 -4.107 -10.833
22.902 1.517 -6.566 -2.882 5.237 0.020 -4.092 -10.859
22.930 1.385 -6.622 -2.774 5.237 0.020 -4.078 -10.883
22.955 1.252 -6.674 -2.630 5.237 0.020 -4.065 -10.905
22.977 1.117 -6.723 -2.454 5.236 0.020 -4.054 -10.924
22.997 0.982 -6.768 -2.249 5.236 0.020 -4.044 -10.941
23.014 0.846 -6.809 -2.021 5.236 0.020 -4.036 -10.956
23.028 0.709 -6.844 -1.772 5.236 0.020 -4.029 -10.968
23.039 0.571 -6.874 -1.507 5.236 0.020 -4.023 -10.978
23.048 0.441 -6.520 17.709 5.236 0.020 -4.019 -10.985
23.054 0.326 -5.726 39.724 5.236 0.020 -4.016 -10.991
23.059 0.229 -4.870 42.786 5.236 0.020 -4.013 -10.995
23.062 0.149 -4.009 43.037 5.236 0.020 -4.012 -10.998
23.064 0.086 -3.145 43.208 5.236 0.020 -4.011 -10.999
23.065 0.040 -2.279 43.315 5.236 0.020 -4.010 -11.000
23.065 0.012 -1.411 43.373 5.236 0.020 -4.010 -11.000
23.065 0.001 -0.543 43.397 5.236 0.020 -4.010 -11.000
23.065 0.000 -0.055 24.431 5.236 0.020 -4.010 -11.000
