TenFootSCurve
184
0.000 0.017 0.868 43.403 0.000 0.020 0.000 1.167
0.001 0.035 0.868 -0.000 0.000 0.020 0.001 1.167
0.002 0.078 2.170 65.104 0.000 0.020 0.002 1.167
0.005 0.139 3.038 43.403 0.000 0.020 0.005 1.167
0.010 0.217 3.906 43.403 0.000 0.020 0.010 1.167
0.016 0.313 4.774 43.403 0.000 0.020 0.016 1.167
0.024 0.425 5.642 43.403 0.000 0.020 0.024 1.167
0.035 0.556 6.510 43.403 0.000 0.020 0.035 1.167
0.049 0.694 6.944 21.701 0.000 0.020 0.049 1.167
0.066 0.833 6.944 -0.000 0.000 0.020 0.066 1.167
0.085 0.972 6.944 -0.000 0.000 0.020 0.085 1.167
0.108 1.111 6.944 0.000 0.000 0.020 0.108 1.167
0.133 1.250 6.944 0.000 0.000 0.020 0.133 1.167
0.160 1.389 6.944 0.000 0.000 0.020 0.160 1.167
0.191 1.528 6.944 -0.000 0.000 0.020 0.191 1.167
0.224 1.667 6.944 -0.000 0.000 0.020 0.224 1.167
0.260 1.806 6.944 -0.000 0.000 0.020 0.260 1.167
0.299 1.944 6.944 -0.000 0.000 0.020 0.299 1.167
0.341 2.083 6.944 0.000 0.000 0.020 0.341 1.167
0.385 2.222 6.944 -0.000 0.000 0.020 0.385 1.167
0.433 2.361 6.944 0.000 0.000 0.020 0.433 1.167
0.483 2.500 6.944 -0.000 0.000 0.020 0.483 1.167
0.535 2.639 6.944 0.000 0.000 0.020 0.535 1.167
0.591 2.778 6.944 -0.000 0.000 0.020 0.591 1.167
0.649 2.917 6.944 0.000 0.000 0.020 0.649 1.167
0.710 3.056 6.944 -0.000 0.000 0.020 0.710 1.167
0.774 3.194 6.944 -0.000 0.000 0.020 0.774 1.167
0.841 3.333 6.944 0.000 0.000 0.020 0.841 1.167
0.910 3.472 6.944 0.000 0.000 0.020 0.910 1.167
0.983 3.611 6.944 -0.000 0.000 0.020 0.983 1.167
1.058 3.750 6.944 0.000 0.000 0.020 1.058 1.167
1.135 3.889 6.944 -0.000 0.000 0.020 1.135 1.167
1.216 4.028 6.944 -0.000 0.000 0.020 1.216 1.167
1.299 4.167 6.944 0.000 0.000 0.020 1.299 1.167
1.385 4.306 6.944 0.000 0.000 0.020 1.385 1.167
1.474 4.444 6.944 -0.000 0.000 0.020 1.474 1.167
1.566 4.583 6.944 0.000 0.000 0.020 1.566 1.167
1.660 4.722 6.944 0.000 0.000 0.020 1.660 1.167
1.758 4.861 6.944 -0.000 0.000 0.020 1.758 1.167
1.858 5.000 6.944 -0.000 0.000 0.020 1.858 1.167
1.960 5.139 6.944 0.000 0.000 0.020 1.960 1.167
2.079 5.937 39.906 1648.057 6.272 0.020 2.079 1.166
2.267 9.411 173.694 6689.398 6.203 0.020 2.267 1.158
2.551 14.158 237.364 3183.504 6.056 0.020 2.547 1.116
2.960 20.495 316.833 3973.468 5.801 0.020 2.932 0.974
3.469 25.431 246.802 -3501.528 5.463 0.020 3.337 0.666
3.942 23.642 -89.467 -16813.456 5.158 0.020 3.602 0.275
4.307 18.262 -268.970 -8975.188 4.950 0.020 3.724 -0.069
4.589 14.110 -207.627 3067.172 4.815 0.020 3.771 -0.348
4.822 11.645 -123.240 4219.335 4.725 0.020 3.784 -0.580
5.027 10.218 -71.349 2594.554 4.661 0.020 3.779 -0.784
5.214 9.368 -42.486 1443.174 4.615 0.020 3.765 -0.971
5.391 8.847 -26.056 821.480 4.580 0.020 3.745 -1.147
5.561 8.522 -16.258 489.891 4.553 0.020 3.720 -1.316
5.728 8.319 -10.146 305.600 4.532 0.020 3.692 -1.480
5.892 8.195 -6.193 197.690 4.515 0.020 3.661 -1.641
6.054 8.124 -3.572 131.028 4.502 0.020 3.628 -1.800
6.216 8.087 -1.822 87.516 4.492 0.020 3.593 -1.958
6.377 8.074 -0.675 57.316 4.484 0.020 3.557 -2.115
6.539 8.074 0.019 34.717 4.479 0.020 3.520 -2.272
6.700 8.081 0.340 16.073 4.477 0.020 3.483 -2.430
6.862 8.087 0.314 -1.330 4.476 0.020 3.445 -2.587
7.024 8.085 -0.087 -20.028 4.478 0.020 3.407 -2.744
7.185 8.066 -0.949 -43.130 4.482 0.020 3.370 -2.901
7.345 8.017 -2.457 -75.405 4.490 0.020 3.334 -3.057
7.504 7.918 -4.966 -125.451 4.502 0.020 3.300 -3.212
7.659 7.734 -9.180 -210.697 4.520 0.020 3.269 -3.363
7.807 7.402 -16.593 -370.642 4.545 0.020 3.242 -3.509
7.942 6.788 -30.733 -706.969 4.583 0.020 3.222 -3.643
8.054 5.562 -61.303 -1528.529 4.645 0.020 3.211 -3.754
8.108 2.730 -141.582 -4013.956 4.758 0.020 3.209 -3.809
8.224 5.800 153.490 14753.617 5.019 0.020 3.185 -3.695
8.901 33.848 1402.413 62446.170 5.777 0.020 2.748 -3.178
9.521 30.984 -143.204 -77280.878 0.202 0.020 2.137 -3.073
9.610 4.440 -1327.182 -59198.908 0.446 0.020 2.052 -3.098
9.678 3.431 -50.446 63836.791 0.556 0.020 2.111 -3.064
9.803 6.238 140.339 9539.275 0.620 0.020 2.215 -2.994
9.954 7.560 66.109 -3711.507 0.661 0.020 2.336 -2.904
10.120 8.293 36.632 -1473.864 0.690 0.020 2.465 -2.800
10.295 8.738 22.264 -718.369 0.712 0.020 2.599 -2.687
10.475 9.030 14.557 -385.358 0.728 0.020 2.734 -2.568
10.660 9.235 10.276 -214.032 0.741 0.020 2.871 -2.444
10.848 9.387 7.615 -133.082 0.752 0.020 3.009 -2.317
11.038 9.505 5.877 -86.899 0.760 0.020 3.148 -2.186
11.230 9.599 4.702 -58.757 0.767 0.020 3.286 -2.054
11.423 9.677 3.890 -40.609 0.773 0.020 3.425 -1.919
11.618 9.743 3.324 -28.269 0.777 0.020 3.564 -1.782
11.814 9.802 2.936 -19.408 0.781 0.020 3.704 -1.645
12.012 9.856 2.683 -12.636 0.783 0.020 3.844 -1.506
12.210 9.906 2.542 -7.052 0.785 0.020 3.984 -1.366
12.409 9.956 2.502 -2.002 0.785 0.020 4.125 -1.225
12.609 10.007 2.550 2.383 0.785 0.020 4.266 -1.084
12.810 10.058 2.533 -0.863 0.784 0.020 4.409 -0.942
13.012 10.108 2.504 -1.455 0.782 0.020 4.552 -0.799
13.215 10.160 2.572 3.442 0.780 0.020 4.696 -0.656
13.420 10.214 2.744 8.586 0.776 0.020 4.842 -0.512
13.625 10.275 3.033 14.439 0.771 0.020 4.989 -0.369
13.832 10.344 3.467 21.706 0.765 0.020 5.138 -0.225
14.041 10.426 4.095 31.398 0.758 0.020 5.288 -0.081
14.251 10.526 4.997 45.117 0.749 0.020 5.442 0.063
14.464 10.653 6.309 65.601 0.738 0.020 5.599 0.207
14.681 10.818 8.267 97.869 0.724 0.020 5.760 0.352
14.901 11.044 11.302 151.769 0.706 0.020 5.927 0.496
15.129 11.366 16.122 241.008 0.682 0.020 6.101 0.642
15.366 11.849 24.155 401.624 0.650 0.020 6.287 0.789
15.619 12.645 39.779 781.215 0.604 0.020 6.492 0.937
15.902 14.155 75.519 1787.018 0.531 0.020 6.730 1.090
16.255 17.665 175.462 4997.126 0.397 0.020 7.046 1.250
16.830 28.751 554.304 18942.100 0.069 0.020 7.604 1.388
17.992 58.103 1467.604 45665.018 5.490 0.020 8.693 0.983
18.841 42.454 -782.451 -112502.781 4.915 0.020 9.084 0.230
19.260 20.930 -1076.179 -14686.387 4.717 0.020 9.125 -0.187
19.554 14.688 -312.105 38203.684 4.624 0.020 9.111 -0.481
19.798 12.237 -122.564 9477.071 4.571 0.020 9.083 -0.724
20.018 10.967 -63.493 2953.531 4.537 0.020 9.048 -0.940
20.221 10.178 -39.457 1201.832 4.514 0.020 9.010 -1.140
20.414 9.621 -27.859 579.905 4.498 0.020 8.970 -1.328
20.597 9.188 -21.608 312.523 4.488 0.020 8.930 -1.508
20.774 8.829 -17.994 180.699 4.481 0.020 8.890 -1.680
20.944 8.512 -15.827 108.354 4.477 0.020 8.851 -1.845
21.109 8.221 -14.533 64.720 4.476 0.020 8.812 -2.005
21.268 7.945 -13.818 35.760 4.477 0.020 8.775 -2.160
21.421 7.674 -13.531 14.325 4.481 0.020 8.740 -2.309
21.569 7.402 -13.605 -3.719 4.486 0.020 8.706 -2.453
21.712 7.122 -14.030 -21.225 4.494 0.020 8.675 -2.592
21.848 6.825 -14.844 -40.709 4.505 0.020 8.646 -2.726
21.978 6.502 -16.145 -65.068 4.519 0.020 8.620 -2.853
22.101 6.140 -18.114 -98.404 4.537 0.020 8.597 -2.974
22.215 5.718 -21.061 -147.350 4.560 0.020 8.579 -3.087
22.319 5.208 -25.532 -223.576 4.589 0.020 8.564 -3.190
22.411 4.558 -32.511 -348.922 4.627 0.020 8.555 -3.280
22.484 3.681 -43.838 -566.360 4.677 0.020 8.550 -3.354
22.532 2.419 -63.102 -963.220 4.747 0.020 8.550 -3.402
22.542 0.472 -97.324 -1711.085 4.848 0.020 8.550 -3.412
22.596 2.699 111.317 10432.039 5.001 0.020 8.538 -3.359
22.749 7.679 249.010 6884.630 5.237 0.020 8.477 -3.218
23.010 13.022 267.164 907.700 5.563 0.020 8.311 -3.018
23.270 13.014 -0.398 -13378.092 5.886 0.020 8.090 -2.879
23.416 7.286 -286.386 -14299.375 6.108 0.020 7.951 -2.837
23.448 1.603 -284.160 111.287 6.230 0.020 7.919 -2.832
23.497 2.467 43.178 16366.923 6.280 0.020 7.968 -2.833
23.598 5.047 129.001 4291.144 0.000 0.020 8.069 -2.833
23.700 5.099 2.590 -6320.583 0.000 0.020 8.171 -2.833
23.799 4.960 -6.944 -476.703 0.000 0.020 8.271 -2.833
23.896 4.821 -6.944 -0.000 0.000 0.020 8.367 -2.833
23.990 4.682 -6.944 0.000 0.000 0.020 8.461 -2.833
24.080 4.543 -6.944 0.000 0.000 0.020 8.551 -2.833
24.168 4.404 -6.944 -0.000 0.000 0.020 8.640 -2.833
24.254 4.265 -6.944 -0.000 0.000 0.020 8.725 -2.833
24.336 4.126 -6.944 0.000 0.000 0.020 8.807 -2.833
24.416 3.987 -6.944 -0.000 0.000 0.020 8.887 -2.833
24.493 3.849 -6.944 -0.000 0.000 0.020 8.964 -2.833
24.567 3.710 -6.944 0.000 0.000 0.020 9.038 -2.833
24.639 3.571 -6.944 -0.000 0.000 0.020 9.110 -2.833
24.707 3.432 -6.944 -0.000 0.000 0.020 9.178 -2.833
24.773 3.293 -6.944 0.000 0.000 0.020 9.244 -2.833
24.836 3.154 -6.944 -0.000 0.000 0.020 9.307 -2.833
24.896 3.015 -6.944 0.000 0.000 0.020 9.368 -2.833
24.954 2.876 -6.944 0.000 0.000 0.020 9.425 -2.833
25.009 2.737 -6.944 -0.000 0.000 0.020 9.480 -2.833
25.061 2.599 -6.944 0.000 0.000 0.020 9.532 -2.833
25.110 2.460 -6.944 -0.000 0.000 0.020 9.581 -2.833
25.156 2.321 -6.944 0.000 0.000 0.020 9.627 -2.833
25.200 2.182 -6.944 0.000 0.000 0.020 9.671 -2.833
25.241 2.043 -6.944 -0.000 0.000 0.020 9.712 -2.833
25.279 1.904 -6.944 0.000 0.000 0.020 9.750 -2.833
25.314 1.765 -6.944 0.000 0.000 0.020 9.785 -2.833
25.347 1.626 -6.944 -0.000 0.000 0.020 9.818 -2.833
25.377 1.487 -6.944 0.000 0.000 0.020 9.848 -2.833
25.403 1.349 -6.944 -0.000 0.000 0.020 9.875 -2.833
25.428 1.210 -6.944 0.000 0.000 0.020 9.899 -2.833
25.449 1.071 -6.944 0.000 0.000 0.020 9.920 -2.833
25.468 0.932 -6.944 -0.000 0.000 0.020 9.939 -2.833
25.484 0.793 -6.944 0.000 0.000 0.020 9.955 -2.833
25.497 0.654 -6.944 -0.000 0.000 0.020 9.968 -2.833
25.507 0.518 -6.819 6.295 0.000 0.020 9.978 -2.833
25.515 0.393 -6.259 27.997 0.000 0.020 9.986 -2.833
25.521 0.285 -5.391 43.403 0.000 0.020 9.992 -2.833
25.524 0.194 -4.522 43.403 0.000 0.020 9.996 -2.833
25.527 0.121 -3.654 43.403 0.000 0.020 9.998 -2.833
25.528 0.066 -2.786 43.403 0.000 0.020 9.999 -2.833
25.529 0.027 -1.918 43.403 0.000 0.020 10.000 -2.833
25.529 0.006 -1.050 43.403 0.000 0.020 10.000 -2.833
25.529 0.000 -0.308 37.107 0.000 0.020 10.000 -2.833
0.000 0.017 0.868 43.403 0.000 0.020 0.000 -1.167
0.001 0.035 0.868 -0.000 0.000 0.020 0.001 -1.167
0.002 0.078 2.170 65.104 0.000 0.020 0.002 -1.167
0.005 0.139 3.038 43.403 0.000 0.020 0.005 -1.167
0.010 0.217 3.906 43.403 0.000 0.020 0.010 -1.167
0.016 0.313 4.774 43.403 0.000 0.020 0.016 -1.167
0.024 0.425 5.642 43.403 0.000 0.020 0.024 -1.167
0.035 0.556 6.510 43.403 0.000 0.020 0.035 -1.167
0.049 0.694 6.944 21.701 0.000 0.020 0.049 -1.167
0.066 0.833 6.944 -0.000 0.000 0.020 0.066 -1.167
0.085 0.972 6.944 -0.000 0.000 0.020 0.085 -1.167
0.108 1.111 6.944 0.000 0.000 0.020 0.108 -1.167
0.133 1.250 6.944 0.000 0.000 0.020 0.133 -1.167
0.160 1.389 6.944 0.000 0.000 0.020 0.160 -1.167
0.191 1.528 6.944 -0.000 0.000 0.020 0.191 -1.167
0.224 1.667 6.944 -0.000 0.000 0.020 0.224 -1.167
0.260 1.806 6.944 -0.000 0.000 0.020 0.260 -1.167
0.299 1.944 6.944 -0.000 0.000 0.020 0.299 -1.167
0.341 2.083 6.944 0.000 0.000 0.020 0.341 -1.167
0.385 2.222 6.944 -0.000 0.000 0.020 0.385 -1.167
0.433 2.361 6.944 0.000 0.000 0.020 0.433 -1.167
0.483 2.500 6.944 -0.000 0.000 0.020 0.483 -1.167
0.535 2.639 6.944 0.000 0.000 0.020 0.535 -1.167
0.591 2.778 6.944 -0.000 0.000 0.020 0.591 -1.167
0.649 2.917 6.944 0.000 0.000 0.020 0.649 -1.167
0.710 3.056 6.944 -0.000 0.000 0.020 0.710 -1.167
0.774 3.194 6.944 -0.000 0.000 0.020 0.774 -1.167
0.841 3.333 6.944 0.000 0.000 0.020 0.841 -1.167
0.910 3.472 6.944 0.000 0.000 0.020 0.910 -1.167
0.983 3.611 6.944 -0.000 0.000 0.020 0.983 -1.167
1.058 3.750 6.944 0.000 0.000 0.020 1.058 -1.167
1.135 3.889 6.944 -0.000 0.000 0.020 1.135 -1.167
1.216 4.028 6.944 -0.000 0.000 0.020 1.216 -1.167
1.299 4.167 6.944 0.000 0.000 0.020 1.299 -1.167
1.385 4.306 6.944 0.000 0.000 0.020 1.385 -1.167
1.474 4.444 6.944 -0.000 0.000 0.020 1.474 -1.167
1.566 4.583 6.944 0.000 0.000 0.020 1.566 -1.167
1.660 4.722 6.944 0.000 0.000 0.020 1.660 -1.167
1.758 4.861 6.944 -0.000 0.000 0.020 1.758 -1.167
1.858 5.000 6.944 -0.000 0.000 0.020 1.858 -1.167
1.960 5.139 6.944 0.000 0.000 0.020 1.960 -1.167
2.053 4.619 -26.019 -1648.193 6.272 0.020 2.053 -1.167
2.081 1.421 -159.899 -6693.993 6.203 0.020 2.081 -1.168
2.142 3.058 81.858 12087.842 6.056 0.020 2.021 -1.157
2.325 9.137 303.986 11106.406 5.801 0.020 1.850 -1.093
2.602 13.821 234.156 -3491.475 5.463 0.020 1.630 -0.925
2.836 11.744 -103.829 -16899.250 5.158 0.020 1.497 -0.732
2.958 6.063 -284.069 -9011.987 4.950 0.020 1.456 -0.618
2.990 1.619 -222.156 3095.608 4.815 0.020 1.449 -0.586
3.013 1.129 -24.530 9881.310 4.725 0.020 1.450 -0.608
3.069 2.836 85.340 5493.485 4.661 0.020 1.449 -0.665
3.149 3.964 56.423 -1445.811 4.615 0.020 1.443 -0.744
3.244 4.763 39.970 -822.679 4.580 0.020 1.432 -0.839
3.351 5.367 30.161 -490.449 4.553 0.020 1.416 -0.945
3.468 5.848 24.043 -305.881 4.532 0.020 1.396 -1.060
3.593 6.249 20.086 -197.841 4.515 0.020 1.373 -1.183
3.725 6.599 17.464 -131.115 4.502 0.020 1.346 -1.312
3.863 6.913 15.713 -87.568 4.492 0.020 1.316 -1.447
4.007 7.204 14.566 -57.350 4.484 0.020 1.284 -1.588
4.157 7.482 13.871 -34.741 4.479 0.020 1.250 -1.733
4.312 7.753 13.549 -16.091 4.477 0.020 1.214 -1.884
4.473 8.024 13.575 1.313 4.476 0.020 1.177 -2.040
4.639 8.304 13.975 20.010 4.478 0.020 1.138 -2.202
4.811 8.600 14.838 43.105 4.482 0.020 1.098 -2.369
4.989 8.927 16.345 75.365 4.490 0.020 1.058 -2.543
5.175 9.304 18.852 125.376 4.502 0.020 1.018 -2.725
5.371 9.765 23.063 210.544 4.520 0.020 0.979 -2.916
5.578 10.375 30.469 370.294 4.545 0.020 0.942 -3.120
5.803 11.267 44.590 706.057 4.583 0.020 0.908 -3.343
6.059 12.769 75.103 1525.639 4.645 0.020 0.883 -3.597
6.376 15.872 155.148 4002.244 4.758 0.020 0.878 -3.915
6.869 24.630 437.899 14137.539 5.019 0.020 0.960 -4.400
7.919 52.497 1393.368 47773.468 5.777 0.020 1.617 -5.219
8.917 49.916 -129.049 -76120.878 0.202 0.020 2.606 -5.359
9.396 23.952 -1298.180 -58456.516 0.446 0.020 3.059 -5.203
9.722 16.281 -383.564 45730.765 0.556 0.020 3.344 -5.045
9.994 13.602 -133.947 12480.893 0.620 0.020 3.570 -4.894
10.241 12.369 -61.676 3613.539 0.661 0.020 3.768 -4.746
10.475 11.689 -33.992 1384.168 0.690 0.020 3.950 -4.600
10.700 11.261 -21.381 630.599 0.712 0.020 4.122 -4.454
10.920 10.970 -14.549 341.566 0.728 0.020 4.287 -4.310
11.135 10.765 -10.272 213.854 0.741 0.020 4.447 -4.165
11.347 10.613 -7.612 132.992 0.752 0.020 4.603 -4.021
11.557 10.495 -5.875 86.850 0.760 0.020 4.756 -3.877
11.765 10.401 -4.701 58.729 0.767 0.020 4.906 -3.733
11.972 10.323 -3.889 40.592 0.773 0.020 5.054 -3.589
12.177 10.257 -3.324 28.258 0.777 0.020 5.201 -3.446
12.381 10.198 -2.936 19.401 0.781 0.020 5.346 -3.303
12.584 10.144 -2.683 12.630 0.783 0.020 5.490 -3.160
12.785 10.094 -2.542 7.048 0.785 0.020 5.633 -3.017
12.986 10.044 -2.502 1.999 0.785 0.020 5.775 -2.875
13.186 9.993 -2.550 -2.386 0.785 0.020 5.916 -2.734
13.385 9.942 -2.533 0.860 0.784 0.020 6.057 -2.593
13.583 9.892 -2.504 1.452 0.782 0.020 6.197 -2.454
13.780 9.840 -2.573 -3.445 0.780 0.020 6.337 -2.315
13.975 9.785 -2.744 -8.591 0.776 0.020 6.476 -2.178
14.170 9.725 -3.033 -14.444 0.771 0.020 6.615 -2.042
14.363 9.655 -3.468 -21.714 0.765 0.020 6.754 -1.908
14.554 9.574 -4.096 -31.411 0.758 0.020 6.893 -1.776
14.744 9.474 -4.998 -45.136 0.749 0.020 7.031 -1.646
14.931 9.347 -6.311 -65.634 0.738 0.020 7.168 -1.519
15.114 9.182 -8.270 -97.926 0.724 0.020 7.305 -1.397
15.294 8.956 -11.307 -151.878 0.706 0.020 7.440 -1.279
15.466 8.628 -16.384 -253.819 0.682 0.020 7.573 -1.169
15.628 8.117 -25.546 -458.116 0.650 0.020 7.700 -1.068
15.774 7.259 -42.932 -869.315 0.604 0.020 7.818 -0.983
15.887 5.649 -80.492 -1877.978 0.531 0.020 7.913 -0.922
15.927 1.999 -182.498 -5100.329 0.397 0.020 7.948 -0.902
16.113 9.336 366.837 27466.786 0.069 0.020 7.765 -0.940
16.902 39.443 1505.367 56926.498 5.490 0.020 7.030 -0.653
17.376 23.667 -788.795 -114708.127 4.915 0.020 6.798 -0.240
17.419 2.158 -1075.471 -14333.786 4.717 0.020 6.791 -0.198
17.495 3.836 83.919 57969.488 4.624 0.020 6.787 -0.274
17.616 6.014 108.893 1248.698 4.571 0.020 6.773 -0.394
17.756 7.007 49.669 -2961.200 4.537 0.020 6.751 -0.532
17.906 7.519 25.592 -1203.854 4.514 0.020 6.722 -0.680
18.062 7.799 13.980 -580.584 4.498 0.020 6.690 -0.832
18.221 7.953 7.724 -312.794 4.488 0.020 6.656 -0.988
18.382 8.035 4.108 -180.822 4.481 0.020 6.619 -1.144
18.543 8.074 1.939 -108.416 4.477 0.020 6.582 -1.301
18.705 8.087 0.644 -64.755 4.476 0.020 6.544 -1.459
18.867 8.086 -0.071 -35.783 4.477 0.020 6.506 -1.616
19.028 8.078 -0.358 -14.342 4.481 0.020 6.469 -1.773
19.190 8.073 -0.284 3.703 4.486 0.020 6.432 -1.930
19.351 8.075 0.140 21.206 4.494 0.020 6.397 -2.088
19.513 8.095 0.954 40.684 4.505 0.020 6.362 -2.246
19.676 8.140 2.254 65.030 4.519 0.020 6.330 -2.406
19.841 8.224 4.221 98.344 4.537 0.020 6.300 -2.567
20.008 8.367 7.166 147.249 4.560 0.020 6.272 -2.732
20.180 8.600 11.634 223.397 4.589 0.020 6.249 -2.903
20.359 8.972 18.606 348.582 4.627 0.020 6.230 -3.081
20.551 9.571 29.919 565.669 4.677 0.020 6.218 -3.272
20.762 10.554 49.153 961.709 4.747 0.020 6.218 -3.483
21.006 12.220 83.321 1708.368 4.848 0.020 6.238 -3.727
21.308 15.106 144.281 3048.016 5.001 0.020 6.301 -4.022
21.704 19.792 234.306 4501.274 5.237 0.020 6.457 -4.386
22.201 24.833 252.047 887.041 5.563 0.020 6.771 -4.771
22.692 24.549 -14.187 -13311.714 5.886 0.020 7.188 -5.031
23.063 18.571 -298.905 -14235.905 6.108 0.020 7.544 -5.134
23.316 12.626 -297.230 83.759 6.230 0.020 7.795 -5.162
23.481 8.285 -217.068 4008.083 6.280 0.020 7.961 -5.167
23.590 5.428 -142.836 3711.598 0.000 0.020 8.069 -5.167
23.692 5.099 -16.478 6317.901 0.000 0.020 8.171 -5.167
23.791 4.960 -6.944 476.695 0.000 0.020 8.271 -5.167
23.888 4.821 -6.944 -0.000 0.000 0.020 8.367 -5.167
23.981 4.682 -6.944 0.000 0.000 0.020 8.461 -5.167
24.072 4.543 -6.944 0.000 0.000 0.020 8.551 -5.167
24.160 4.404 -6.944 -0.000 0.000 0.020 8.640 -5.167
24.245 4.265 -6.944 -0.000 0.000 0.020 8.725 -5.167
24.328 4.126 -6.944 0.000 0.000 0.020 8.807 -5.167
24.408 3.987 -6.944 -0.000 0.000 0.020 8.887 -5.167
24.485 3.849 -6.944 -0.000 0.000 0.020 8.964 -5.167
24.559 3.710 -6.944 0.000 0.000 0.020 9.038 -5.167
24.630 3.571 -6.944 -0.000 0.000 0.020 9.110 -5.167
24.699 3.432 -6.944 -0.000 0.000 0.020 9.178 -5.167
24.765 3.293 -6.944 0.000 0.000 0.020 9.244 -5.167
24.828 3.154 -6.944 -0.000 0.000 0.020 9.307 -5.167
24.888 3.015 -6.944 0.000 0.000 0.020 9.368 -5.167
24.946 2.876 -6.944 0.000 0.000 0.020 9.425 -5.167
25.001 2.737 -6.944 -0.000 0.000 0.020 9.480 -5.167
25.052 2.599 -6.944 0.000 0.000 0.020 9.532 -5.167
25.102 2.460 -6.944 -0.000 0.000 0.020 9.581 -5.167
25.148 2.321 -6.944 0.000 0.000 0.020 9.627 -5.167
25.192 2.182 -6.944 0.000 0.000 0.020 9.671 -5.167
25.233 2.043 -6.944 -0.000 0.000 0.020 9.712 -5.167
25.271 1.904 -6.944 0.000 0.000 0.020 9.750 -5.167
25.306 1.765 -6.944 0.000 0.000 0.020 9.785 -5.167
25.339 1.626 -6.944 -0.000 0.000 0.020 9.818 -5.167
25.368 1.487 -6.944 0.000 0.000 0.020 9.848 -5.167
25.395 1.349 -6.944 -0.000 0.000 0.020 9.875 -5.167
25.419 1.210 -6.944 0.000 0.000 0.020 9.899 -5.167
25.441 1.071 -6.944 0.000 0.000 0.020 9.920 -5.167
25.459 0.932 -6.944 -0.000 0.000 0.020 9.939 -5.167
25.475 0.793 -6.944 0.000 0.000 0.020 9.955 -5.167
25.488 0.654 -6.944 -0.000 0.000 0.020 9.968 -5.167
25.499 0.518 -6.819 6.295 0.000 0.020 9.978 -5.167
25.507 0.393 -6.259 27.997 0.000 0.020 9.986 -5.167
25.512 0.285 -5.391 43.403 0.000 0.020 9.992 -5.167
25.516 0.194 -4.522 43.403 0.000 0.020 9.996 -5.167
25.519 0.121 -3.654 43.403 0.000 0.020 9.998 -5.167
25.520 0.066 -2.786 43.403 0.000 0.020 9.999 -5.167
25.520 0.027 -1.918 43.403 0.000 0.020 10.000 -5.167
25.521 0.006 -1.050 43.403 0.000 0.020 10.000 -5.167
25.521 0.000 -0.308 37.107 0.000 0.020 10.000 -5.167
